3
9
15
21
27
33
39
45
51
57
63
69
75
81
87
93
99
105
111
117
123
129
135
141
147
153
159
165
171
177
183
189
195
201
207
213
219
225
231
237
243
249
255
261
267
273
279
285
291
297
303
309
315
321
327
333
339
345
351
357
363
369
375
381
387
393
399
405
411
417
423
429
435
441
447
453
459
465
471
477
483
489
495
501
507
513
519
525
531
537
543
549
555
561
567
573
579
585
591
597
603
609
615
621
627
633
639
645
651
657
663
669
675
681
687
693
699
705
711
717
723
729
735
741
747
753
759
765
771
777
783
789
795
801
807
813
819
825
831
837
843
849
855
861
867
873
879
885
891
897
903
909
915
921
927
933
939
945
951
957
963
969
975
981
987
993
999
1005
1011
1017
1023
1029
1035
1041
1047
1053
1059
1065
1071
1077
1083
1089
1095
1101
1107
1113
1119
1125
1131
1137
1143
1149
1155
1161
1167
1173
1179
1185
1191
1197
1203
1209
1215
1221
1227
1233
1239
1245
1251
1257
1263
1269
1275
1281
1287
1293
1299
1305
1311
1317
1323
1329
1335
1341
1347
1353
1359
1365
1371
1377
1383
1389
1395
1401
1407
1413
1419
1425
1431
1437
1443
1449
1455
1461
1467
1473
1479
1485
1491
1497
1503
1509
1515
1521
1527
1533
1539
1545
1551
1557
1563
1569
1575
1581
1587
1593
1599
1605
1611
1617
1623
1629
1635
1641
1647
1653
1659
1665
1671
1677
1683
1689
1695
1701
1707
1713
1719
1725
1731
1737
1743
1749
1755
1761
1767
1773
1779
1785
1791
1797
1803
1809
1815
1821
1827
1833
1839
1845
1851
1857
1863
1869
1875
1881
1887
1893
1899
1905
1911
1917
1923
1929
1935
1941
1947
1953
1959
1965
1971
1977
1983
1989
1995
2001
2007
2013
2019
2025
2031
2037
2043
2049
2055
2061
2067
2073
2079
2085
2091
2097
2103
2109
2115
2121
2127
2133
2139
2145
2151
2157
2163
2169
2175
2181
2187
2193
2199
2205
2211
2217
2223
2229
2235
2241
2247
2253
2259
2265
2271
2277
2283
2289
2295
2301
2307
2313
2319
2325
2331
2337
2343
2349
2355
2361
2367
2373
2379
2385
2391
2397
2403
2409
2415
2421
2427
2433
2439
2445
2451
2457
2463
2469
2475
2481
2487
2493
2499
2505
2511
2517
2523
2529
2535
2541
2547
2553
2559
2565
2571
2577
2583
2589
2595
2601
2607
2613
2619
2625
2631
2637
2643
2649
2655
2661
2667
2673
2679
2685
2691
2697
2703
2709
2715
2721
2727
2733
2739
2745
2751
2757
2763
2769
2775
2781
2787
2793
2799
2805
2811
2817
2823
2829
2835
2841
2847
2853
2859
2865
2871
2877
2883
2889
2895
2901
2907
2913
2919
2925
2931
2937
2943
2949
2955
2961
2967
2973
2979
2985
2991
2997
3003
3009
3015
3021
3027
3033
3039
3045
3051
3057
3063
3069
3075
3081
3087
3093
3099
3105
3111
3117
3123
3129
3135
3141
3147
3153
3159
3165
3171
3177
3183
3189
3195
3201
3207
3213
3219
3225
3231
3237
3243
3249
3255
3261
3267
3273
3279
3285
3291
3297
3303
3309
3315
3321
3327
3333
3339
3345
3351
3357
3363
3369
3375
3381
3387
3393
3399
3405
3411
3417
3423
3429
3435
3441
3447
3453
3459
3465
3471
3477
3483
3489
3495
3501
3507
3513
3519
3525
3531
3537
3543
3549
3555
3561
3567
3573
3579
3585
3591
3597
3603
3609
3615
3621
3627
3633
3639
3645
3651
3657
3663
3669
3675
3681
3687
3693
3699
3705
3711
3717
3723
3729
3735
3741
3747
3753
3759
3765
3771
3777
3783
3789
3795
3801
3807
3813
3819
3825
3831
3837
3843
3849
3855
3861
3867
3873
3879
3885
3891
3897
3903
3909
3915
3921
3927
3933
3939
3945
3951
3957
3963
3969
3975
3981
3987
3993
3999
4005
4011
4017
4023
4029
4035
4041
4047
4053
4059
4065
4071
4077
4083
4089
4095
4101
4107
4113
4119
4125
4131
4137
4143
4149
4155
4161
4167
4173
4179
4185
4191
4197
4203
4209
4215
4221
4227
4233
4239
4245
4251
4257
4263
4269
4275
4281
4287
4293
4299
4305
4311
4317
4323
4329
4335
4341
4347
4353
4359
4365
4371
4377
4383
4389
4395
4401
4407
4413
4419
4425
4431
4437
4443
4449
4455
4461
4467
4473
4479
4485
4491
4497
4503
4509
4515
4521
4527
4533
4539
4545
4551
4557
4563
4569
4575
4581
4587
4593
4599
4605
4611
4617
4623
4629
4635
4641
4647
4653
4659
4665
4671
4677
4683
4689
4695
4701
4707
4713
4719
4725
4731
4737
4743
4749
4755
4761
4767
4773
4779
4785
4791
4797
4803
4809
4815
4821
4827
4833
4839
4845
4851
4857
4863
4869
4875
4881
4887
4893
4899
4905
4911
4917
4923
4929
4935
4941
4947
4953
4959
4965
4971
4977
4983
4989
4995
5001
5007
5013
5019
5025
5031
5037
5043
5049
5055
5061
5067
5073
5079
5085
5091
5097
5103
5109
5115
5121
5127
5133
5139
5145
5151
5157
5163
5169
5175
5181
5187
5193
5199
5205
5211
5217
5223
5229
5235
5241
5247
5253
5259
5265
5271
5277
5283
5289
5295
5301
5307
5313
5319
5325
5331
5337
5343
5349
5355
5361
5367
5373
5379
5385
5391
5397
5403
5409
5415
5421
5427
5433
5439
5445
5451
5457
5463
5469
5475
5481
5487
5493
5499
5505
5511
5517
5523
5529
5535
5541
5547
5553
5559
5565
5571
5577
5583
5589
5595
5601
5607
5613
5619
5625
5631
5637
5643
5649
5655
5661
5667
5673
5679
5685
5691
5697
5703
5709
5715
5721
5727
5733
5739
5745
5751
5757
5763
5769
5775
5781
5787
5793
5799
5805
5811
5817
5823
5829
5835
5841
5847
5853
5859
5865
5871
5877
5883
5889
5895
5901
5907
5913
5919
5925
5931
5937
5943
5949
5955
5961
5967
5973
5979
5985
5991
5997
6003
6009
6015
6021
6027
6033
6039
6045
6051
6057
6063
6069
6075
6081
6087
6093
6099
6105
6111
6117
6123
6129
6135
6141
6147
6153
6159
6165
6171
6177
6183
6189
6195
6201
6207
6213
6219
6225
6231
6237
6243
6249
6255
6261
6267
6273
6279
6285
6291
6297
6303
6309
6315
6321
6327
6333
6339
6345
6351
6357
6363
6369
6375
6381
6387
6393
6399
6405
6411
6417
6423
6429
6435
6441
6447
6453
6459
6465
6471
6477
6483
6489
6495
6501
6507
6513
6519
6525
6531
6537
6543
6549
6555
6561
6567
6573
6579
6585
6591
6597
6603
6609
6615
6621
6627
6633
6639
6645
6651
6657
6663
6669
6675
6681
6687
6693
6699
6705
6711
6717
6723
6729
6735
6741
6747
6753
6759
6765
6771
6777
6783
6789
6795
6801
6807
6813
6819
6825
6831
6837
6843
6849
6855
6861
6867
6873
6879
6885
6891
6897
6903
6909
6915
6921
6927
6933
6939
6945
6951
6957
6963
6969
6975
6981
6987
6993
6999
7005
7011
7017
7023
7029
7035
7041
7047
7053
7059
7065
7071
7077
7083
7089
7095
7101
7107
7113
7119
7125
7131
7137
7143
7149
7155
7161
7167
7173
7179
7185
7191
7197
7203
7209
7215
7221
7227
7233
7239
7245
7251
7257
7263
7269
7275
7281
7287
7293
7299
7305
7311
7317
7323
7329
7335
7341
7347
7353
7359
7365
7371
7377
7383
7389
7395
7401
7407
7413
7419
7425
7431
7437
7443
7449
7455
7461
7467
7473
7479
7485
7491
7497
7503
7509
7515
7521
7527
7533
7539
7545
7551
7557
7563
7569
7575
7581
7587
7593
7599
7605
7611
7617
7623
7629
7635
7641
7647
7653
7659
7665
7671
7677
7683
7689
7695
7701
7707
7713
7719
7725
7731
7737
7743
7749
7755
7761
7767
7773
7779
7785
7791
7797
7803
7809
7815
7821
7827
7833
7839
7845
7851
7857
7863
7869
7875
7881
7887
7893
7899
7905
7911
7917
7923
7929
7935
7941
7947
7953
7959
7965
7971
7977
7983
7989
7995
8001
8007
8013
8019
8025
8031
8037
8043
8049
8055
8061
8067
8073
8079
8085
8091
8097
8103
8109
8115
8121
8127
8133
8139
8145
8151
8157
8163
8169
8175
8181
8187
8193
8199
8205
8211
8217
8223
8229
8235
8241
8247
8253
8259
8265
8271
8277
8283
8289
8295
8301
8307
8313
8319
8325
8331
8337
8343
8349
8355
8361
8367
8373
8379
8385
8391
8397
8403
8409
8415
8421
8427
8433
8439
8445
8451
8457
8463
8469
8475
8481
8487
8493
8499
8505
8511
8517
8523
8529
8535
8541
8547
8553
8559
8565
8571
8577
8583
8589
8595
8601
8607
8613
8619
8625
8631
8637
8643
8649
8655
8661
8667
8673
8679
8685
8691
8697
8703
8709
8715
8721
8727
8733
8739
8745
8751
8757
8763
8769
8775
8781
8787
8793
8799
8805
8811
8817
8823
8829
8835
8841
8847
8853
8859
8865
8871
8877
8883
8889
8895
8901
8907
8913
8919
8925
8931
8937
8943
8949
8955
8961
8967
8973
8979
8985
8991
8997
9003
9009
9015
9021
9027
9033
9039
9045
9051
9057
9063
9069
9075
9081
9087
9093
9099
9105
9111
9117
9123
9129
9135
9141
9147
9153
9159
9165
9171
9177
9183
9189
9195
9201
9207
9213
9219
9225
9231
9237
9243
9249
9255
9261
9267
9273
9279
9285
9291
9297
9303
9309
9315
9321
9327
9333
9339
9345
9351
9357
9363
9369
9375
9381
9387
9393
9399
9405
9411
9417
9423
9429
9435
9441
9447
9453
9459
9465
9471
9477
9483
9489
9495
9501
9507
9513
9519
9525
9531
9537
9543
9549
9555
9561
9567
9573
9579
9585
9591
9597
9603
9609
9615
9621
9627
9633
9639
9645
9651
9657
9663
9669
9675
9681
9687
9693
9699
9705
9711
9717
9723
9729
9735
9741
9747
9753
9759
9765
9771
9777
9783
9789
9795
9801
9807
9813
9819
9825
9831
9837
9843
9849
9855
9861
9867
9873
9879
9885
9891
9897
9903
9909
9915
9921
9927
9933
9939
9945
9951
9957
9963
9969
9975
9981
9987
9993
9999
10005
7
21
35
49
63
77
91
105
119
133
147
161
175
189
203
217
231
245
259
273
287
301
315
329
343
357
371
385
399
413
427
441
455
469
483
497
511
525
539
553
567
581
595
609
623
637
651
665
679
693
707
721
735
749
763
777
791
805
819
833
847
861
875
889
903
917
931
945
959
973
987
1001
1015
1029
1043
1057
1071
1085
1099
1113
1127
1141
1155
1169
1183
1197
1211
1225
1239
1253
1267
1281
1295
1309
1323
1337
1351
1365
1379
1393
1407
1421
1435
1449
1463
1477
1491
1505
1519
1533
1547
1561
1575
1589
1603
1617
1631
1645
1659
1673
1687
1701
1715
1729
1743
1757
1771
1785
1799
1813
1827
1841
1855
1869
1883
1897
1911
1925
1939
1953
1967
1981
1995
2009
2023
2037
2051
2065
2079
2093
2107
2121
2135
2149
2163
2177
2191
2205
2219
2233
2247
2261
2275
2289
2303
2317
2331
2345
2359
2373
2387
2401
2415
2429
2443
2457
2471
2485
2499
2513
2527
2541
2555
2569
2583
2597
2611
2625
2639
2653
2667
2681
2695
2709
2723
2737
2751
2765
2779
2793
2807
2821
2835
2849
2863
2877
2891
2905
2919
2933
2947
2961
2975
2989
3003
3017
3031
3045
3059
3073
3087
3101
3115
3129
3143
3157
3171
3185
3199
3213
3227
3241
3255
3269
3283
3297
3311
3325
3339
3353
3367
3381
3395
3409
3423
3437
3451
3465
3479
3493
3507
3521
3535
3549
3563
3577
3591
3605
3619
3633
3647
3661
3675
3689
3703
3717
3731
3745
3759
3773
3787
3801
3815
3829
3843
3857
3871
3885
3899
3913
3927
3941
3955
3969
3983
3997
4011
4025
4039
4053
4067
4081
4095
4109
4123
4137
4151
4165
4179
4193
4207
4221
4235
4249
4263
4277
4291
4305
4319
4333
4347
4361
4375
4389
4403
4417
4431
4445
4459
4473
4487
4501
4515
4529
4543
4557
4571
4585
4599
4613
4627
4641
4655
4669
4683
4697
4711
4725
4739
4753
4767
4781
4795
4809
4823
4837
4851
4865
4879
4893
4907
4921
4935
4949
4963
4977
4991
5005
5019
5033
5047
5061
5075
5089
5103
5117
5131
5145
5159
5173
5187
5201
5215
5229
5243
5257
5271
5285
5299
5313
5327
5341
5355
5369
5383
5397
5411
5425
5439
5453
5467
5481
5495
5509
5523
5537
5551
5565
5579
5593
5607
5621
5635
5649
5663
5677
5691
5705
5719
5733
5747
5761
5775
5789
5803
5817
5831
5845
5859
5873
5887
5901
5915
5929
5943
5957
5971
5985
5999
6013
6027
6041
6055
6069
6083
6097
6111
6125
6139
6153
6167
6181
6195
6209
6223
6237
6251
6265
6279
6293
6307
6321
6335
6349
6363
6377
6391
6405
6419
6433
6447
6461
6475
6489
6503
6517
6531
6545
6559
6573
6587
6601
6615
6629
6643
6657
6671
6685
6699
6713
6727
6741
6755
6769
6783
6797
6811
6825
6839
6853
6867
6881
6895
6909
6923
6937
6951
6965
6979
6993
7007
7021
7035
7049
7063
7077
7091
7105
7119
7133
7147
7161
7175
7189
7203
7217
7231
7245
7259
7273
7287
7301
7315
7329
7343
7357
7371
7385
7399
7413
7427
7441
7455
7469
7483
7497
7511
7525
7539
7553
7567
7581
7595
7609
7623
7637
7651
7665
7679
7693
7707
7721
7735
7749
7763
7777
7791
7805
7819
7833
7847
7861
7875
7889
7903
7917
7931
7945
7959
7973
7987
8001
8015
8029
8043
8057
8071
8085
8099
8113
8127
8141
8155
8169
8183
8197
8211
8225
8239
8253
8267
8281
8295
8309
8323
8337
8351
8365
8379
8393
8407
8421
8435
8449
8463
8477
8491
8505
8519
8533
8547
8561
8575
8589
8603
8617
8631
8645
8659
8673
8687
8701
8715
8729
8743
8757
8771
8785
8799
8813
8827
8841
8855
8869
8883
8897
8911
8925
8939
8953
8967
8981
8995
9009
9023
9037
9051
9065
9079
9093
9107
9121
9135
9149
9163
9177
9191
9205
9219
9233
9247
9261
9275
9289
9303
9317
9331
9345
9359
9373
9387
9401
9415
9429
9443
9457
9471
9485
9499
9513
9527
9541
9555
9569
9583
9597
9611
9625
9639
9653
9667
9681
9695
9709
9723
9737
9751
9765
9779
9793
9807
9821
9835
9849
9863
9877
9891
9905
9919
9933
9947
9961
9975
9989
10003
11
33
55
77
99
121
143
165
187
209
231
253
275
297
319
341
363
385
407
429
451
473
495
517
539
561
583
605
627
649
671
693
715
737
759
781
803
825
847
869
891
913
935
957
979
1001
1023
1045
1067
1089
1111
1133
1155
1177
1199
1221
1243
1265
1287
1309
1331
1353
1375
1397
1419
1441
1463
1485
1507
1529
1551
1573
1595
1617
1639
1661
1683
1705
1727
1749
1771
1793
1815
1837
1859
1881
1903
1925
1947
1969
1991
2013
2035
2057
2079
2101
2123
2145
2167
2189
2211
2233
2255
2277
2299
2321
2343
2365
2387
2409
2431
2453
2475
2497
2519
2541
2563
2585
2607
2629
2651
2673
2695
2717
2739
2761
2783
2805
2827
2849
2871
2893
2915
2937
2959
2981
3003
3025
3047
3069
3091
3113
3135
3157
3179
3201
3223
3245
3267
3289
3311
3333
3355
3377
3399
3421
3443
3465
3487
3509
3531
3553
3575
3597
3619
3641
3663
3685
3707
3729
3751
3773
3795
3817
3839
3861
3883
3905
3927
3949
3971
3993
4015
4037
4059
4081
4103
4125
4147
4169
4191
4213
4235
4257
4279
4301
4323
4345
4367
4389
4411
4433
4455
4477
4499
4521
4543
4565
4587
4609
4631
4653
4675
4697
4719
4741
4763
4785
4807
4829
4851
4873
4895
4917
4939
4961
4983
5005
5027
5049
5071
5093
5115
5137
5159
5181
5203
5225
5247
5269
5291
5313
5335
5357
5379
5401
5423
5445
5467
5489
5511
5533
5555
5577
5599
5621
5643
5665
5687
5709
5731
5753
5775
5797
5819
5841
5863
5885
5907
5929
5951
5973
5995
6017
6039
6061
6083
6105
6127
6149
6171
6193
6215
6237
6259
6281
6303
6325
6347
6369
6391
6413
6435
6457
6479
6501
6523
6545
6567
6589
6611
6633
6655
6677
6699
6721
6743
6765
6787
6809
6831
6853
6875
6897
6919
6941
6963
6985
7007
7029
7051
7073
7095
7117
7139
7161
7183
7205
7227
7249
7271
7293
7315
7337
7359
7381
7403
7425
7447
7469
7491
7513
7535
7557
7579
7601
7623
7645
7667
7689
7711
7733
7755
7777
7799
7821
7843
7865
7887
7909
7931
7953
7975
7997
8019
8041
8063
8085
8107
8129
8151
8173
8195
8217
8239
8261
8283
8305
8327
8349
8371
8393
8415
8437
8459
8481
8503
8525
8547
8569
8591
8613
8635
8657
8679
8701
8723
8745
8767
8789
8811
8833
8855
8877
8899
8921
8943
8965
8987
9009
9031
9053
9075
9097
9119
9141
9163
9185
9207
9229
9251
9273
9295
9317
9339
9361
9383
9405
9427
9449
9471
9493
9515
9537
9559
9581
9603
9625
9647
9669
9691
9713
9735
9757
9779
9801
9823
9845
9867
9889
9911
9933
9955
9977
9999
10021
13
39
65
91
117
143
169
195
221
247
273
299
325
351
377
403
429
455
481
507
533
559
585
611
637
663
689
715
741
767
793
819
845
871
897
923
949
975
1001
1027
1053
1079
1105
1131
1157
1183
1209
1235
1261
1287
1313
1339
1365
1391
1417
1443
1469
1495
1521
1547
1573
1599
1625
1651
1677
1703
1729
1755
1781
1807
1833
1859
1885
1911
1937
1963
1989
2015
2041
2067
2093
2119
2145
2171
2197
2223
2249
2275
2301
2327
2353
2379
2405
2431
2457
2483
2509
2535
2561
2587
2613
2639
2665
2691
2717
2743
2769
2795
2821
2847
2873
2899
2925
2951
2977
3003
3029
3055
3081
3107
3133
3159
3185
3211
3237
3263
3289
3315
3341
3367
3393
3419
3445
3471
3497
3523
3549
3575
3601
3627
3653
3679
3705
3731
3757
3783
3809
3835
3861
3887
3913
3939
3965
3991
4017
4043
4069
4095
4121
4147
4173
4199
4225
4251
4277
4303
4329
4355
4381
4407
4433
4459
4485
4511
4537
4563
4589
4615
4641
4667
4693
4719
4745
4771
4797
4823
4849
4875
4901
4927
4953
4979
5005
5031
5057
5083
5109
5135
5161
5187
5213
5239
5265
5291
5317
5343
5369
5395
5421
5447
5473
5499
5525
5551
5577
5603
5629
5655
5681
5707
5733
5759
5785
5811
5837
5863
5889
5915
5941
5967
5993
6019
6045
6071
6097
6123
6149
6175
6201
6227
6253
6279
6305
6331
6357
6383
6409
6435
6461
6487
6513
6539
6565
6591
6617
6643
6669
6695
6721
6747
6773
6799
6825
6851
6877
6903
6929
6955
6981
7007
7033
7059
7085
7111
7137
7163
7189
7215
7241
7267
7293
7319
7345
7371
7397
7423
7449
7475
7501
7527
7553
7579
7605
7631
7657
7683
7709
7735
7761
7787
7813
7839
7865
7891
7917
7943
7969
7995
8021
8047
8073
8099
8125
8151
8177
8203
8229
8255
8281
8307
8333
8359
8385
8411
8437
8463
8489
8515
8541
8567
8593
8619
8645
8671
8697
8723
8749
8775
8801
8827
8853
8879
8905
8931
8957
8983
9009
9035
9061
9087
9113
9139
9165
9191
9217
9243
9269
9295
9321
9347
9373
9399
9425
9451
9477
9503
9529
9555
9581
9607
9633
9659
9685
9711
9737
9763
9789
9815
9841
9867
9893
9919
9945
9971
9997
10023
17
51
85
119
153
187
221
255
289
323
357
391
425
459
493
527
561
595
629
663
697
731
765
799
833
867
901
935
969
1003
1037
1071
1105
1139
1173
1207
1241
1275
1309
1343
1377
1411
1445
1479
1513
1547
1581
1615
1649
1683
1717
1751
1785
1819
1853
1887
1921
1955
1989
2023
2057
2091
2125
2159
2193
2227
2261
2295
2329
2363
2397
2431
2465
2499
2533
2567
2601
2635
2669
2703
2737
2771
2805
2839
2873
2907
2941
2975
3009
3043
3077
3111
3145
3179
3213
3247
3281
3315
3349
3383
3417
3451
3485
3519
3553
3587
3621
3655
3689
3723
3757
3791
3825
3859
3893
3927
3961
3995
4029
4063
4097
4131
4165
4199
4233
4267
4301
4335
4369
4403
4437
4471
4505
4539
4573
4607
4641
4675
4709
4743
4777
4811
4845
4879
4913
4947
4981
5015
5049
5083
5117
5151
5185
5219
5253
5287
5321
5355
5389
5423
5457
5491
5525
5559
5593
5627
5661
5695
5729
5763
5797
5831
5865
5899
5933
5967
6001
6035
6069
6103
6137
6171
6205
6239
6273
6307
6341
6375
6409
6443
6477
6511
6545
6579
6613
6647
6681
6715
6749
6783
6817
6851
6885
6919
6953
6987
7021
7055
7089
7123
7157
7191
7225
7259
7293
7327
7361
7395
7429
7463
7497
7531
7565
7599
7633
7667
7701
7735
7769
7803
7837
7871
7905
7939
7973
8007
8041
8075
8109
8143
8177
8211
8245
8279
8313
8347
8381
8415
8449
8483
8517
8551
8585
8619
8653
8687
8721
8755
8789
8823
8857
8891
8925
8959
8993
9027
9061
9095
9129
9163
9197
9231
9265
9299
9333
9367
9401
9435
9469
9503
9537
9571
9605
9639
9673
9707
9741
9775
9809
9843
9877
9911
9945
9979
10013
19
57
95
133
171
209
247
285
323
361
399
437
475
513
551
589
627
665
703
741
779
817
855
893
931
969
1007
1045
1083
1121
1159
1197
1235
1273
1311
1349
1387
1425
1463
1501
1539
1577
1615
1653
1691
1729
1767
1805
1843
1881
1919
1957
1995
2033
2071
2109
2147
2185
2223
2261
2299
2337
2375
2413
2451
2489
2527
2565
2603
2641
2679
2717
2755
2793
2831
2869
2907
2945
2983
3021
3059
3097
3135
3173
3211
3249
3287
3325
3363
3401
3439
3477
3515
3553
3591
3629
3667
3705
3743
3781
3819
3857
3895
3933
3971
4009
4047
4085
4123
4161
4199
4237
4275
4313
4351
4389
4427
4465
4503
4541
4579
4617
4655
4693
4731
4769
4807
4845
4883
4921
4959
4997
5035
5073
5111
5149
5187
5225
5263
5301
5339
5377
5415
5453
5491
5529
5567
5605
5643
5681
5719
5757
5795
5833
5871
5909
5947
5985
6023
6061
6099
6137
6175
6213
6251
6289
6327
6365
6403
6441
6479
6517
6555
6593
6631
6669
6707
6745
6783
6821
6859
6897
6935
6973
7011
7049
7087
7125
7163
7201
7239
7277
7315
7353
7391
7429
7467
7505
7543
7581
7619
7657
7695
7733
7771
7809
7847
7885
7923
7961
7999
8037
8075
8113
8151
8189
8227
8265
8303
8341
8379
8417
8455
8493
8531
8569
8607
8645
8683
8721
8759
8797
8835
8873
8911
8949
8987
9025
9063
9101
9139
9177
9215
9253
9291
9329
9367
9405
9443
9481
9519
9557
9595
9633
9671
9709
9747
9785
9823
9861
9899
9937
9975
10013
23
69
115
161
207
253
299
345
391
437
483
529
575
621
667
713
759
805
851
897
943
989
1035
1081
1127
1173
1219
1265
1311
1357
1403
1449
1495
1541
1587
1633
1679
1725
1771
1817
1863
1909
1955
2001
2047
2093
2139
2185
2231
2277
2323
2369
2415
2461
2507
2553
2599
2645
2691
2737
2783
2829
2875
2921
2967
3013
3059
3105
3151
3197
3243
3289
3335
3381
3427
3473
3519
3565
3611
3657
3703
3749
3795
3841
3887
3933
3979
4025
4071
4117
4163
4209
4255
4301
4347
4393
4439
4485
4531
4577
4623
4669
4715
4761
4807
4853
4899
4945
4991
5037
5083
5129
5175
5221
5267
5313
5359
5405
5451
5497
5543
5589
5635
5681
5727
5773
5819
5865
5911
5957
6003
6049
6095
6141
6187
6233
6279
6325
6371
6417
6463
6509
6555
6601
6647
6693
6739
6785
6831
6877
6923
6969
7015
7061
7107
7153
7199
7245
7291
7337
7383
7429
7475
7521
7567
7613
7659
7705
7751
7797
7843
7889
7935
7981
8027
8073
8119
8165
8211
8257
8303
8349
8395
8441
8487
8533
8579
8625
8671
8717
8763
8809
8855
8901
8947
8993
9039
9085
9131
9177
9223
9269
9315
9361
9407
9453
9499
9545
9591
9637
9683
9729
9775
9821
9867
9913
9959
10005
29
87
145
203
261
319
377
435
493
551
609
667
725
783
841
899
957
1015
1073
1131
1189
1247
1305
1363
1421
1479
1537
1595
1653
1711
1769
1827
1885
1943
2001
2059
2117
2175
2233
2291
2349
2407
2465
2523
2581
2639
2697
2755
2813
2871
2929
2987
3045
3103
3161
3219
3277
3335
3393
3451
3509
3567
3625
3683
3741
3799
3857
3915
3973
4031
4089
4147
4205
4263
4321
4379
4437
4495
4553
4611
4669
4727
4785
4843
4901
4959
5017
5075
5133
5191
5249
5307
5365
5423
5481
5539
5597
5655
5713
5771
5829
5887
5945
6003
6061
6119
6177
6235
6293
6351
6409
6467
6525
6583
6641
6699
6757
6815
6873
6931
6989
7047
7105
7163
7221
7279
7337
7395
7453
7511
7569
7627
7685
7743
7801
7859
7917
7975
8033
8091
8149
8207
8265
8323
8381
8439
8497
8555
8613
8671
8729
8787
8845
8903
8961
9019
9077
9135
9193
9251
9309
9367
9425
9483
9541
9599
9657
9715
9773
9831
9889
9947
10005
31
93
155
217
279
341
403
465
527
589
651
713
775
837
899
961
1023
1085
1147
1209
1271
1333
1395
1457
1519
1581
1643
1705
1767
1829
1891
1953
2015
2077
2139
2201
2263
2325
2387
2449
2511
2573
2635
2697
2759
2821
2883
2945
3007
3069
3131
3193
3255
3317
3379
3441
3503
3565
3627
3689
3751
3813
3875
3937
3999
4061
4123
4185
4247
4309
4371
4433
4495
4557
4619
4681
4743
4805
4867
4929
4991
5053
5115
5177
5239
5301
5363
5425
5487
5549
5611
5673
5735
5797
5859
5921
5983
6045
6107
6169
6231
6293
6355
6417
6479
6541
6603
6665
6727
6789
6851
6913
6975
7037
7099
7161
7223
7285
7347
7409
7471
7533
7595
7657
7719
7781
7843
7905
7967
8029
8091
8153
8215
8277
8339
8401
8463
8525
8587
8649
8711
8773
8835
8897
8959
9021
9083
9145
9207
9269
9331
9393
9455
9517
9579
9641
9703
9765
9827
9889
9951
10013
37
111
185
259
333
407
481
555
629
703
777
851
925
999
1073
1147
1221
1295
1369
1443
1517
1591
1665
1739
1813
1887
1961
2035
2109
2183
2257
2331
2405
2479
2553
2627
2701
2775
2849
2923
2997
3071
3145
3219
3293
3367
3441
3515
3589
3663
3737
3811
3885
3959
4033
4107
4181
4255
4329
4403
4477
4551
4625
4699
4773
4847
4921
4995
5069
5143
5217
5291
5365
5439
5513
5587
5661
5735
5809
5883
5957
6031
6105
6179
6253
6327
6401
6475
6549
6623
6697
6771
6845
6919
6993
7067
7141
7215
7289
7363
7437
7511
7585
7659
7733
7807
7881
7955
8029
8103
8177
8251
8325
8399
8473
8547
8621
8695
8769
8843
8917
8991
9065
9139
9213
9287
9361
9435
9509
9583
9657
9731
9805
9879
9953
10027
41
123
205
287
369
451
533
615
697
779
861
943
1025
1107
1189
1271
1353
1435
1517
1599
1681
1763
1845
1927
2009
2091
2173
2255
2337
2419
2501
2583
2665
2747
2829
2911
2993
3075
3157
3239
3321
3403
3485
3567
3649
3731
3813
3895
3977
4059
4141
4223
4305
4387
4469
4551
4633
4715
4797
4879
4961
5043
5125
5207
5289
5371
5453
5535
5617
5699
5781
5863
5945
6027
6109
6191
6273
6355
6437
6519
6601
6683
6765
6847
6929
7011
7093
7175
7257
7339
7421
7503
7585
7667
7749
7831
7913
7995
8077
8159
8241
8323
8405
8487
8569
8651
8733
8815
8897
8979
9061
9143
9225
9307
9389
9471
9553
9635
9717
9799
9881
9963
10045
43
129
215
301
387
473
559
645
731
817
903
989
1075
1161
1247
1333
1419
1505
1591
1677
1763
1849
1935
2021
2107
2193
2279
2365
2451
2537
2623
2709
2795
2881
2967
3053
3139
3225
3311
3397
3483
3569
3655
3741
3827
3913
3999
4085
4171
4257
4343
4429
4515
4601
4687
4773
4859
4945
5031
5117
5203
5289
5375
5461
5547
5633
5719
5805
5891
5977
6063
6149
6235
6321
6407
6493
6579
6665
6751
6837
6923
7009
7095
7181
7267
7353
7439
7525
7611
7697
7783
7869
7955
8041
8127
8213
8299
8385
8471
8557
8643
8729
8815
8901
8987
9073
9159
9245
9331
9417
9503
9589
9675
9761
9847
9933
10019
47
141
235
329
423
517
611
705
799
893
987
1081
1175
1269
1363
1457
1551
1645
1739
1833
1927
2021
2115
2209
2303
2397
2491
2585
2679
2773
2867
2961
3055
3149
3243
3337
3431
3525
3619
3713
3807
3901
3995
4089
4183
4277
4371
4465
4559
4653
4747
4841
4935
5029
5123
5217
5311
5405
5499
5593
5687
5781
5875
5969
6063
6157
6251
6345
6439
6533
6627
6721
6815
6909
7003
7097
7191
7285
7379
7473
7567
7661
7755
7849
7943
8037
8131
8225
8319
8413
8507
8601
8695
8789
8883
8977
9071
9165
9259
9353
9447
9541
9635
9729
9823
9917
10011
53
159
265
371
477
583
689
795
901
1007
1113
1219
1325
1431
1537
1643
1749
1855
1961
2067
2173
2279
2385
2491
2597
2703
2809
2915
3021
3127
3233
3339
3445
3551
3657
3763
3869
3975
4081
4187
4293
4399
4505
4611
4717
4823
4929
5035
5141
5247
5353
5459
5565
5671
5777
5883
5989
6095
6201
6307
6413
6519
6625
6731
6837
6943
7049
7155
7261
7367
7473
7579
7685
7791
7897
8003
8109
8215
8321
8427
8533
8639
8745
8851
8957
9063
9169
9275
9381
9487
9593
9699
9805
9911
10017
59
177
295
413
531
649
767
885
1003
1121
1239
1357
1475
1593
1711
1829
1947
2065
2183
2301
2419
2537
2655
2773
2891
3009
3127
3245
3363
3481
3599
3717
3835
3953
4071
4189
4307
4425
4543
4661
4779
4897
5015
5133
5251
5369
5487
5605
5723
5841
5959
6077
6195
6313
6431
6549
6667
6785
6903
7021
7139
7257
7375
7493
7611
7729
7847
7965
8083
8201
8319
8437
8555
8673
8791
8909
9027
9145
9263
9381
9499
9617
9735
9853
9971
10089
61
183
305
427
549
671
793
915
1037
1159
1281
1403
1525
1647
1769
1891
2013
2135
2257
2379
2501
2623
2745
2867
2989
3111
3233
3355
3477
3599
3721
3843
3965
4087
4209
4331
4453
4575
4697
4819
4941
5063
5185
5307
5429
5551
5673
5795
5917
6039
6161
6283
6405
6527
6649
6771
6893
7015
7137
7259
7381
7503
7625
7747
7869
7991
8113
8235
8357
8479
8601
8723
8845
8967
9089
9211
9333
9455
9577
9699
9821
9943
10065
67
201
335
469
603
737
871
1005
1139
1273
1407
1541
1675
1809
1943
2077
2211
2345
2479
2613
2747
2881
3015
3149
3283
3417
3551
3685
3819
3953
4087
4221
4355
4489
4623
4757
4891
5025
5159
5293
5427
5561
5695
5829
5963
6097
6231
6365
6499
6633
6767
6901
7035
7169
7303
7437
7571
7705
7839
7973
8107
8241
8375
8509
8643
8777
8911
9045
9179
9313
9447
9581
9715
9849
9983
10117
71
213
355
497
639
781
923
1065
1207
1349
1491
1633
1775
1917
2059
2201
2343
2485
2627
2769
2911
3053
3195
3337
3479
3621
3763
3905
4047
4189
4331
4473
4615
4757
4899
5041
5183
5325
5467
5609
5751
5893
6035
6177
6319
6461
6603
6745
6887
7029
7171
7313
7455
7597
7739
7881
8023
8165
8307
8449
8591
8733
8875
9017
9159
9301
9443
9585
9727
9869
10011
73
219
365
511
657
803
949
1095
1241
1387
1533
1679
1825
1971
2117
2263
2409
2555
2701
2847
2993
3139
3285
3431
3577
3723
3869
4015
4161
4307
4453
4599
4745
4891
5037
5183
5329
5475
5621
5767
5913
6059
6205
6351
6497
6643
6789
6935
7081
7227
7373
7519
7665
7811
7957
8103
8249
8395
8541
8687
8833
8979
9125
9271
9417
9563
9709
9855
10001
79
237
395
553
711
869
1027
1185
1343
1501
1659
1817
1975
2133
2291
2449
2607
2765
2923
3081
3239
3397
3555
3713
3871
4029
4187
4345
4503
4661
4819
4977
5135
5293
5451
5609
5767
5925
6083
6241
6399
6557
6715
6873
7031
7189
7347
7505
7663
7821
7979
8137
8295
8453
8611
8769
8927
9085
9243
9401
9559
9717
9875
10033
83
249
415
581
747
913
1079
1245
1411
1577
1743
1909
2075
2241
2407
2573
2739
2905
3071
3237
3403
3569
3735
3901
4067
4233
4399
4565
4731
4897
5063
5229
5395
5561
5727
5893
6059
6225
6391
6557
6723
6889
7055
7221
7387
7553
7719
7885
8051
8217
8383
8549
8715
8881
9047
9213
9379
9545
9711
9877
10043
89
267
445
623
801
979
1157
1335
1513
1691
1869
2047
2225
2403
2581
2759
2937
3115
3293
3471
3649
3827
4005
4183
4361
4539
4717
4895
5073
5251
5429
5607
5785
5963
6141
6319
6497
6675
6853
7031
7209
7387
7565
7743
7921
8099
8277
8455
8633
8811
8989
9167
9345
9523
9701
9879
10057
97
291
485
679
873
1067
1261
1455
1649
1843
2037
2231
2425
2619
2813
3007
3201
3395
3589
3783
3977
4171
4365
4559
4753
4947
5141
5335
5529
5723
5917
6111
6305
6499
6693
6887
7081
7275
7469
7663
7857
8051
8245
8439
8633
8827
9021
9215
9409
9603
9797
9991
10185
3
9
15
21
27
33
39
45
51
57
63
69
75
81
87
93
99
105
111
117
123
129
135
141
147
153
159
165
171
177
183
189
195
201
207
213
219
225
231
237
243
249
255
261
267
273
279
285
291
297
303
309
315
321
327
333
339
345
351
357
363
369
375
381
387
393
399
405
411
417
423
429
435
441
447
453
459
465
471
477
483
489
495
501
507
513
519
525
531
537
543
549
555
561
567
573
579
585
591
597
603
609
615
621
627
633
639
645
651
657
663
669
675
681
687
693
699
705
711
717
723
729
735
741
747
753
759
765
771
777
783
789
795
801
807
813
819
825
831
837
843
849
855
861
867
873
879
885
891
897
903
909
915
921
927
933
939
945
951
957
963
969
975
981
987
993
999
1005
1011
1017
1023
1029
1035
1041
1047
1053
1059
1065
1071
1077
1083
1089
1095
1101
1107
1113
1119
1125
1131
1137
1143
1149
1155
1161
1167
1173
1179
1185
1191
1197
1203
1209
1215
1221
1227
1233
1239
1245
1251
1257
1263
1269
1275
1281
1287
1293
1299
1305
1311
1317
1323
1329
1335
1341
1347
1353
1359
1365
1371
1377
1383
1389
1395
1401
1407
1413
1419
1425
1431
1437
1443
1449
1455
1461
1467
1473
1479
1485
1491
1497
1503
1509
1515
1521
1527
1533
1539
1545
1551
1557
1563
1569
1575
1581
1587
1593
1599
1605
1611
1617
1623
1629
1635
1641
1647
1653
1659
1665
1671
1677
1683
1689
1695
1701
1707
1713
1719
1725
1731
1737
1743
1749
1755
1761
1767
1773
1779
1785
1791
1797
1803
1809
1815
1821
1827
1833
1839
1845
1851
1857
1863
1869
1875
1881
1887
1893
1899
1905
1911
1917
1923
1929
1935
1941
1947
1953
1959
1965
1971
1977
1983
1989
1995
2001
2007
2013
2019
2025
2031
2037
2043
2049
2055
2061
2067
2073
2079
2085
2091
2097
2103
2109
2115
2121
2127
2133
2139
2145
2151
2157
2163
2169
2175
2181
2187
2193
2199
2205
2211
2217
2223
2229
2235
2241
2247
2253
2259
2265
2271
2277
2283
2289
2295
2301
2307
2313
2319
2325
2331
2337
2343
2349
2355
2361
2367
2373
2379
2385
2391
2397
2403
2409
2415
2421
2427
2433
2439
2445
2451
2457
2463
2469
2475
2481
2487
2493
2499
2505
2511
2517
2523
2529
2535
2541
2547
2553
2559
2565
2571
2577
2583
2589
2595
2601
2607
2613
2619
2625
2631
2637
2643
2649
2655
2661
2667
2673
2679
2685
2691
2697
2703
2709
2715
2721
2727
2733
2739
2745
2751
2757
2763
2769
2775
2781
2787
2793
2799
2805
2811
2817
2823
2829
2835
2841
2847
2853
2859
2865
2871
2877
2883
2889
2895
2901
2907
2913
2919
2925
2931
2937
2943
2949
2955
2961
2967
2973
2979
2985
2991
2997
3003
3009
3015
3021
3027
3033
3039
3045
3051
3057
3063
3069
3075
3081
3087
3093
3099
3105
3111
3117
3123
3129
3135
3141
3147
3153
3159
3165
3171
3177
3183
3189
3195
3201
3207
3213
3219
3225
3231
3237
3243
3249
3255
3261
3267
3273
3279
3285
3291
3297
3303
3309
3315
3321
3327
3333
3339
3345
3351
3357
3363
3369
3375
3381
3387
3393
3399
3405
3411
3417
3423
3429
3435
3441
3447
3453
3459
3465
3471
3477
3483
3489
3495
3501
3507
3513
3519
3525
3531
3537
3543
3549
3555
3561
3567
3573
3579
3585
3591
3597
3603
3609
3615
3621
3627
3633
3639
3645
3651
3657
3663
3669
3675
3681
3687
3693
3699
3705
3711
3717
3723
3729
3735
3741
3747
3753
3759
3765
3771
3777
3783
3789
3795
3801
3807
3813
3819
3825
3831
3837
3843
3849
3855
3861
3867
3873
3879
3885
3891
3897
3903
3909
3915
3921
3927
3933
3939
3945
3951
3957
3963
3969
3975
3981
3987
3993
3999
4005
4011
4017
4023
4029
4035
4041
4047
4053
4059
4065
4071
4077
4083
4089
4095
4101
4107
4113
4119
4125
4131
4137
4143
4149
4155
4161
4167
4173
4179
4185
4191
4197
4203
4209
4215
4221
4227
4233
4239
4245
4251
4257
4263
4269
4275
4281
4287
4293
4299
4305
4311
4317
4323
4329
4335
4341
4347
4353
4359
4365
4371
4377
4383
4389
4395
4401
4407
4413
4419
4425
4431
4437
4443
4449
4455
4461
4467
4473
4479
4485
4491
4497
4503
4509
4515
4521
4527
4533
4539
4545
4551
4557
4563
4569
4575
4581
4587
4593
4599
4605
4611
4617
4623
4629
4635
4641
4647
4653
4659
4665
4671
4677
4683
4689
4695
4701
4707
4713
4719
4725
4731
4737
4743
4749
4755
4761
4767
4773
4779
4785
4791
4797
4803
4809
4815
4821
4827
4833
4839
4845
4851
4857
4863
4869
4875
4881
4887
4893
4899
4905
4911
4917
4923
4929
4935
4941
4947
4953
4959
4965
4971
4977
4983
4989
4995
5001
5007
5013
5019
5025
5031
5037
5043
5049
5055
5061
5067
5073
5079
5085
5091
5097
5103
5109
5115
5121
5127
5133
5139
5145
5151
5157
5163
5169
5175
5181
5187
5193
5199
5205
5211
5217
5223
5229
5235
5241
5247
5253
5259
5265
5271
5277
5283
5289
5295
5301
5307
5313
5319
5325
5331
5337
5343
5349
5355
5361
5367
5373
5379
5385
5391
5397
5403
5409
5415
5421
5427
5433
5439
5445
5451
5457
5463
5469
5475
5481
5487
5493
5499
5505
5511
5517
5523
5529
5535
5541
5547
5553
5559
5565
5571
5577
5583
5589
5595
5601
5607
5613
5619
5625
5631
5637
5643
5649
5655
5661
5667
5673
5679
5685
5691
5697
5703
5709
5715
5721
5727
5733
5739
5745
5751
5757
5763
5769
5775
5781
5787
5793
5799
5805
5811
5817
5823
5829
5835
5841
5847
5853
5859
5865
5871
5877
5883
5889
5895
5901
5907
5913
5919
5925
5931
5937
5943
5949
5955
5961
5967
5973
5979
5985
5991
5997
6003
6009
6015
6021
6027
6033
6039
6045
6051
6057
6063
6069
6075
6081
6087
6093
6099
6105
6111
6117
6123
6129
6135
6141
6147
6153
6159
6165
6171
6177
6183
6189
6195
6201
6207
6213
6219
6225
6231
6237
6243
6249
6255
6261
6267
6273
6279
6285
6291
6297
6303
6309
6315
6321
6327
6333
6339
6345
6351
6357
6363
6369
6375
6381
6387
6393
6399
6405
6411
6417
6423
6429
6435
6441
6447
6453
6459
6465
6471
6477
6483
6489
6495
6501
6507
6513
6519
6525
6531
6537
6543
6549
6555
6561
6567
6573
6579
6585
6591
6597
6603
6609
6615
6621
6627
6633
6639
6645
6651
6657
6663
6669
6675
6681
6687
6693
6699
6705
6711
6717
6723
6729
6735
6741
6747
6753
6759
6765
6771
6777
6783
6789
6795
6801
6807
6813
6819
6825
6831
6837
6843
6849
6855
6861
6867
6873
6879
6885
6891
6897
6903
6909
6915
6921
6927
6933
6939
6945
6951
6957
6963
6969
6975
6981
6987
6993
6999
7005
7011
7017
7023
7029
7035
7041
7047
7053
7059
7065
7071
7077
7083
7089
7095
7101
7107
7113
7119
7125
7131
7137
7143
7149
7155
7161
7167
7173
7179
7185
7191
7197
7203
7209
7215
7221
7227
7233
7239
7245
7251
7257
7263
7269
7275
7281
7287
7293
7299
7305
7311
7317
7323
7329
7335
7341
7347
7353
7359
7365
7371
7377
7383
7389
7395
7401
7407
7413
7419
7425
7431
7437
7443
7449
7455
7461
7467
7473
7479
7485
7491
7497
7503
7509
7515
7521
7527
7533
7539
7545
7551
7557
7563
7569
7575
7581
7587
7593
7599
7605
7611
7617
7623
7629
7635
7641
7647
7653
7659
7665
7671
7677
7683
7689
7695
7701
7707
7713
7719
7725
7731
7737
7743
7749
7755
7761
7767
7773
7779
7785
7791
7797
7803
7809
7815
7821
7827
7833
7839
7845
7851
7857
7863
7869
7875
7881
7887
7893
7899
7905
7911
7917
7923
7929
7935
7941
7947
7953
7959
7965
7971
7977
7983
7989
7995
8001
8007
8013
8019
8025
8031
8037
8043
8049
8055
8061
8067
8073
8079
8085
8091
8097
8103
8109
8115
8121
8127
8133
8139
8145
8151
8157
8163
8169
8175
8181
8187
8193
8199
8205
8211
8217
8223
8229
8235
8241
8247
8253
8259
8265
8271
8277
8283
8289
8295
8301
8307
8313
8319
8325
8331
8337
8343
8349
8355
8361
8367
8373
8379
8385
8391
8397
8403
8409
8415
8421
8427
8433
8439
8445
8451
8457
8463
8469
8475
8481
8487
8493
8499
8505
8511
8517
8523
8529
8535
8541
8547
8553
8559
8565
8571
8577
8583
8589
8595
8601
8607
8613
8619
8625
8631
8637
8643
8649
8655
8661
8667
8673
8679
8685
8691
8697
8703
8709
8715
8721
8727
8733
8739
8745
8751
8757
8763
8769
8775
8781
8787
8793
8799
8805
8811
8817
8823
8829
8835
8841
8847
8853
8859
8865
8871
8877
8883
8889
8895
8901
8907
8913
8919
8925
8931
8937
8943
8949
8955
8961
8967
8973
8979
8985
8991
8997
9003
9009
9015
9021
9027
9033
9039
9045
9051
9057
9063
9069
9075
9081
9087
9093
9099
9105
9111
9117
9123
9129
9135
9141
9147
9153
9159
9165
9171
9177
9183
9189
9195
9201
9207
9213
9219
9225
9231
9237
9243
9249
9255
9261
9267
9273
9279
9285
9291
9297
9303
9309
9315
9321
9327
9333
9339
9345
9351
9357
9363
9369
9375
9381
9387
9393
9399
9405
9411
9417
9423
9429
9435
9441
9447
9453
9459
9465
9471
9477
9483
9489
9495
9501
9507
9513
9519
9525
9531
9537
9543
9549
9555
9561
9567
9573
9579
9585
9591
9597
9603
9609
9615
9621
9627
9633
9639
9645
9651
9657
9663
9669
9675
9681
9687
9693
9699
9705
9711
9717
9723
9729
9735
9741
9747
9753
9759
9765
9771
9777
9783
9789
9795
9801
9807
9813
9819
9825
9831
9837
9843
9849
9855
9861
9867
9873
9879
9885
9891
9897
9903
9909
9915
9921
9927
9933
9939
9945
9951
9957
9963
9969
9975
9981
9987
9993
9999
10005
7
21
35
49
63
77
91
105
119
133
147
161
175
189
203
217
231
245
259
273
287
301
315
329
343
357
371
385
399
413
427
441
455
469
483
497
511
525
539
553
567
581
595
609
623
637
651
665
679
693
707
721
735
749
763
777
791
805
819
833
847
861
875
889
903
917
931
945
959
973
987
1001
1015
1029
1043
1057
1071
1085
1099
1113
1127
1141
1155
1169
1183
1197
1211
1225
1239
1253
1267
1281
1295
1309
1323
1337
1351
1365
1379
1393
1407
1421
1435
1449
1463
1477
1491
1505
1519
1533
1547
1561
1575
1589
1603
1617
1631
1645
1659
1673
1687
1701
1715
1729
1743
1757
1771
1785
1799
1813
1827
1841
1855
1869
1883
1897
1911
1925
1939
1953
1967
1981
1995
2009
2023
2037
2051
2065
2079
2093
2107
2121
2135
2149
2163
2177
2191
2205
2219
2233
2247
2261
2275
2289
2303
2317
2331
2345
2359
2373
2387
2401
2415
2429
2443
2457
2471
2485
2499
2513
2527
2541
2555
2569
2583
2597
2611
2625
2639
2653
2667
2681
2695
2709
2723
2737
2751
2765
2779
2793
2807
2821
2835
2849
2863
2877
2891
2905
2919
2933
2947
2961
2975
2989
3003
3017
3031
3045
3059
3073
3087
3101
3115
3129
3143
3157
3171
3185
3199
3213
3227
3241
3255
3269
3283
3297
3311
3325
3339
3353
3367
3381
3395
3409
3423
3437
3451
3465
3479
3493
3507
3521
3535
3549
3563
3577
3591
3605
3619
3633
3647
3661
3675
3689
3703
3717
3731
3745
3759
3773
3787
3801
3815
3829
3843
3857
3871
3885
3899
3913
3927
3941
3955
3969
3983
3997
4011
4025
4039
4053
4067
4081
4095
4109
4123
4137
4151
4165
4179
4193
4207
4221
4235
4249
4263
4277
4291
4305
4319
4333
4347
4361
4375
4389
4403
4417
4431
4445
4459
4473
4487
4501
4515
4529
4543
4557
4571
4585
4599
4613
4627
4641
4655
4669
4683
4697
4711
4725
4739
4753
4767
4781
4795
4809
4823
4837
4851
4865
4879
4893
4907
4921
4935
4949
4963
4977
4991
5005
5019
5033
5047
5061
5075
5089
5103
5117
5131
5145
5159
5173
5187
5201
5215
5229
5243
5257
5271
5285
5299
5313
5327
5341
5355
5369
5383
5397
5411
5425
5439
5453
5467
5481
5495
5509
5523
5537
5551
5565
5579
5593
5607
5621
5635
5649
5663
5677
5691
5705
5719
5733
5747
5761
5775
5789
5803
5817
5831
5845
5859
5873
5887
5901
5915
5929
5943
5957
5971
5985
5999
6013
6027
6041
6055
6069
6083
6097
6111
6125
6139
6153
6167
6181
6195
6209
6223
6237
6251
6265
6279
6293
6307
6321
6335
6349
6363
6377
6391
6405
6419
6433
6447
6461
6475
6489
6503
6517
6531
6545
6559
6573
6587
6601
6615
6629
6643
6657
6671
6685
6699
6713
6727
6741
6755
6769
6783
6797
6811
6825
6839
6853
6867
6881
6895
6909
6923
6937
6951
6965
6979
6993
7007
7021
7035
7049
7063
7077
7091
7105
7119
7133
7147
7161
7175
7189
7203
7217
7231
7245
7259
7273
7287
7301
7315
7329
7343
7357
7371
7385
7399
7413
7427
7441
7455
7469
7483
7497
7511
7525
7539
7553
7567
7581
7595
7609
7623
7637
7651
7665
7679
7693
7707
7721
7735
7749
7763
7777
7791
7805
7819
7833
7847
7861
7875
7889
7903
7917
7931
7945
7959
7973
7987
8001
8015
8029
8043
8057
8071
8085
8099
8113
8127
8141
8155
8169
8183
8197
8211
8225
8239
8253
8267
8281
8295
8309
8323
8337
8351
8365
8379
8393
8407
8421
8435
8449
8463
8477
8491
8505
8519
8533
8547
8561
8575
8589
8603
8617
8631
8645
8659
8673
8687
8701
8715
8729
8743
8757
8771
8785
8799
8813
8827
8841
8855
8869
8883
8897
8911
8925
8939
8953
8967
8981
8995
9009
9023
9037
9051
9065
9079
9093
9107
9121
9135
9149
9163
9177
9191
9205
9219
9233
9247
9261
9275
9289
9303
9317
9331
9345
9359
9373
9387
9401
9415
9429
9443
9457
9471
9485
9499
9513
9527
9541
9555
9569
9583
9597
9611
9625
9639
9653
9667
9681
9695
9709
9723
9737
9751
9765
9779
9793
9807
9821
9835
9849
9863
9877
9891
9905
9919
9933
9947
9961
9975
9989
10003
11
33
55
77
99
121
143
165
187
209
231
253
275
297
319
341
363
385
407
429
451
473
495
517
539
561
583
605
627
649
671
693
715
737
759
781
803
825
847
869
891
913
935
957
979
1001
1023
1045
1067
1089
1111
1133
1155
1177
1199
1221
1243
1265
1287
1309
1331
1353
1375
1397
1419
1441
1463
1485
1507
1529
1551
1573
1595
1617
1639
1661
1683
1705
1727
1749
1771
1793
1815
1837
1859
1881
1903
1925
1947
1969
1991
2013
2035
2057
2079
2101
2123
2145
2167
2189
2211
2233
2255
2277
2299
2321
2343
2365
2387
2409
2431
2453
2475
2497
2519
2541
2563
2585
2607
2629
2651
2673
2695
2717
2739
2761
2783
2805
2827
2849
2871
2893
2915
2937
2959
2981
3003
3025
3047
3069
3091
3113
3135
3157
3179
3201
3223
3245
3267
3289
3311
3333
3355
3377
3399
3421
3443
3465
3487
3509
3531
3553
3575
3597
3619
3641
3663
3685
3707
3729
3751
3773
3795
3817
3839
3861
3883
3905
3927
3949
3971
3993
4015
4037
4059
4081
4103
4125
4147
4169
4191
4213
4235
4257
4279
4301
4323
4345
4367
4389
4411
4433
4455
4477
4499
4521
4543
4565
4587
4609
4631
4653
4675
4697
4719
4741
4763
4785
4807
4829
4851
4873
4895
4917
4939
4961
4983
5005
5027
5049
5071
5093
5115
5137
5159
5181
5203
5225
5247
5269
5291
5313
5335
5357
5379
5401
5423
5445
5467
5489
5511
5533
5555
5577
5599
5621
5643
5665
5687
5709
5731
5753
5775
5797
5819
5841
5863
5885
5907
5929
5951
5973
5995
6017
6039
6061
6083
6105
6127
6149
6171
6193
6215
6237
6259
6281
6303
6325
6347
6369
6391
6413
6435
6457
6479
6501
6523
6545
6567
6589
6611
6633
6655
6677
6699
6721
6743
6765
6787
6809
6831
6853
6875
6897
6919
6941
6963
6985
7007
7029
7051
7073
7095
7117
7139
7161
7183
7205
7227
7249
7271
7293
7315
7337
7359
7381
7403
7425
7447
7469
7491
7513
7535
7557
7579
7601
7623
7645
7667
7689
7711
7733
7755
7777
7799
7821
7843
7865
7887
7909
7931
7953
7975
7997
8019
8041
8063
8085
8107
8129
8151
8173
8195
8217
8239
8261
8283
8305
8327
8349
8371
8393
8415
8437
8459
8481
8503
8525
8547
8569
8591
8613
8635
8657
8679
8701
8723
8745
8767
8789
8811
8833
8855
8877
8899
8921
8943
8965
8987
9009
9031
9053
9075
9097
9119
9141
9163
9185
9207
9229
9251
9273
9295
9317
9339
9361
9383
9405
9427
9449
9471
9493
9515
9537
9559
9581
9603
9625
9647
9669
9691
9713
9735
9757
9779
9801
9823
9845
9867
9889
9911
9933
9955
9977
9999
10021
13
39
65
91
117
143
169
195
221
247
273
299
325
351
377
403
429
455
481
507
533
559
585
611
637
663
689
715
741
767
793
819
845
871
897
923
949
975
1001
1027
1053
1079
1105
1131
1157
1183
1209
1235
1261
1287
1313
1339
1365
1391
1417
1443
1469
1495
1521
1547
1573
1599
1625
1651
1677
1703
1729
1755
1781
1807
1833
1859
1885
1911
1937
1963
1989
2015
2041
2067
2093
2119
2145
2171
2197
2223
2249
2275
2301
2327
2353
2379
2405
2431
2457
2483
2509
2535
2561
2587
2613
2639
2665
2691
2717
2743
2769
2795
2821
2847
2873
2899
2925
2951
2977
3003
3029
3055
3081
3107
3133
3159
3185
3211
3237
3263
3289
3315
3341
3367
3393
3419
3445
3471
3497
3523
3549
3575
3601
3627
3653
3679
3705
3731
3757
3783
3809
3835
3861
3887
3913
3939
3965
3991
4017
4043
4069
4095
4121
4147
4173
4199
4225
4251
4277
4303
4329
4355
4381
4407
4433
4459
4485
4511
4537
4563
4589
4615
4641
4667
4693
4719
4745
4771
4797
4823
4849
4875
4901
4927
4953
4979
5005
5031
5057
5083
5109
5135
5161
5187
5213
5239
5265
5291
5317
5343
5369
5395
5421
5447
5473
5499
5525
5551
5577
5603
5629
5655
5681
5707
5733
5759
5785
5811
5837
5863
5889
5915
5941
5967
5993
6019
6045
6071
6097
6123
6149
6175
6201
6227
6253
6279
6305
6331
6357
6383
6409
6435
6461
6487
6513
6539
6565
6591
6617
6643
6669
6695
6721
6747
6773
6799
6825
6851
6877
6903
6929
6955
6981
7007
7033
7059
7085
7111
7137
7163
7189
7215
7241
7267
7293
7319
7345
7371
7397
7423
7449
7475
7501
7527
7553
7579
7605
7631
7657
7683
7709
7735
7761
7787
7813
7839
7865
7891
7917
7943
7969
7995
8021
8047
8073
8099
8125
8151
8177
8203
8229
8255
8281
8307
8333
8359
8385
8411
8437
8463
8489
8515
8541
8567
8593
8619
8645
8671
8697
8723
8749
8775
8801
8827
8853
8879
8905
8931
8957
8983
9009
9035
9061
9087
9113
9139
9165
9191
9217
9243
9269
9295
9321
9347
9373
9399
9425
9451
9477
9503
9529
9555
9581
9607
9633
9659
9685
9711
9737
9763
9789
9815
9841
9867
9893
9919
9945
9971
9997
10023
17
51
85
119
153
187
221
255
289
323
357
391
425
459
493
527
561
595
629
663
697
731
765
799
833
867
901
935
969
1003
1037
1071
1105
1139
1173
1207
1241
1275
1309
1343
1377
1411
1445
1479
1513
1547
1581
1615
1649
1683
1717
1751
1785
1819
1853
1887
1921
1955
1989
2023
2057
2091
2125
2159
2193
2227
2261
2295
2329
2363
2397
2431
2465
2499
2533
2567
2601
2635
2669
2703
2737
2771
2805
2839
2873
2907
2941
2975
3009
3043
3077
3111
3145
3179
3213
3247
3281
3315
3349
3383
3417
3451
3485
3519
3553
3587
3621
3655
3689
3723
3757
3791
3825
3859
3893
3927
3961
3995
4029
4063
4097
4131
4165
4199
4233
4267
4301
4335
4369
4403
4437
4471
4505
4539
4573
4607
4641
4675
4709
4743
4777
4811
4845
4879
4913
4947
4981
5015
5049
5083
5117
5151
5185
5219
5253
5287
5321
5355
5389
5423
5457
5491
5525
5559
5593
5627
5661
5695
5729
5763
5797
5831
5865
5899
5933
5967
6001
6035
6069
6103
6137
6171
6205
6239
6273
6307
6341
6375
6409
6443
6477
6511
6545
6579
6613
6647
6681
6715
6749
6783
6817
6851
6885
6919
6953
6987
7021
7055
7089
7123
7157
7191
7225
7259
7293
7327
7361
7395
7429
7463
7497
7531
7565
7599
7633
7667
7701
7735
7769
7803
7837
7871
7905
7939
7973
8007
8041
8075
8109
8143
8177
8211
8245
8279
8313
8347
8381
8415
8449
8483
8517
8551
8585
8619
8653
8687
8721
8755
8789
8823
8857
8891
8925
8959
8993
9027
9061
9095
9129
9163
9197
9231
9265
9299
9333
9367
9401
9435
9469
9503
9537
9571
9605
9639
9673
9707
9741
9775
9809
9843
9877
9911
9945
9979
10013
19
57
95
133
171
209
247
285
323
361
399
437
475
513
551
589
627
665
703
741
779
817
855
893
931
969
1007
1045
1083
1121
1159
1197
1235
1273
1311
1349
1387
1425
1463
1501
1539
1577
1615
1653
1691
1729
1767
1805
1843
1881
1919
1957
1995
2033
2071
2109
2147
2185
2223
2261
2299
2337
2375
2413
2451
2489
2527
2565
2603
2641
2679
2717
2755
2793
2831
2869
2907
2945
2983
3021
3059
3097
3135
3173
3211
3249
3287
3325
3363
3401
3439
3477
3515
3553
3591
3629
3667
3705
3743
3781
3819
3857
3895
3933
3971
4009
4047
4085
4123
4161
4199
4237
4275
4313
4351
4389
4427
4465
4503
4541
4579
4617
4655
4693
4731
4769
4807
4845
4883
4921
4959
4997
5035
5073
5111
5149
5187
5225
5263
5301
5339
5377
5415
5453
5491
5529
5567
5605
5643
5681
5719
5757
5795
5833
5871
5909
5947
5985
6023
6061
6099
6137
6175
6213
6251
6289
6327
6365
6403
6441
6479
6517
6555
6593
6631
6669
6707
6745
6783
6821
6859
6897
6935
6973
7011
7049
7087
7125
7163
7201
7239
7277
7315
7353
7391
7429
7467
7505
7543
7581
7619
7657
7695
7733
7771
7809
7847
7885
7923
7961
7999
8037
8075
8113
8151
8189
8227
8265
8303
8341
8379
8417
8455
8493
8531
8569
8607
8645
8683
8721
8759
8797
8835
8873
8911
8949
8987
9025
9063
9101
9139
9177
9215
9253
9291
9329
9367
9405
9443
9481
9519
9557
9595
9633
9671
9709
9747
9785
9823
9861
9899
9937
9975
10013
23
69
115
161
207
253
299
345
391
437
483
529
575
621
667
713
759
805
851
897
943
989
1035
1081
1127
1173
1219
1265
1311
1357
1403
1449
1495
1541
1587
1633
1679
1725
1771
1817
1863
1909
1955
2001
2047
2093
2139
2185
2231
2277
2323
2369
2415
2461
2507
2553
2599
2645
2691
2737
2783
2829
2875
2921
2967
3013
3059
3105
3151
3197
3243
3289
3335
3381
3427
3473
3519
3565
3611
3657
3703
3749
3795
3841
3887
3933
3979
4025
4071
4117
4163
4209
4255
4301
4347
4393
4439
4485
4531
4577
4623
4669
4715
4761
4807
4853
4899
4945
4991
5037
5083
5129
5175
5221
5267
5313
5359
5405
5451
5497
5543
5589
5635
5681
5727
5773
5819
5865
5911
5957
6003
6049
6095
6141
6187
6233
6279
6325
6371
6417
6463
6509
6555
6601
6647
6693
6739
6785
6831
6877
6923
6969
7015
7061
7107
7153
7199
7245
7291
7337
7383
7429
7475
7521
7567
7613
7659
7705
7751
7797
7843
7889
7935
7981
8027
8073
8119
8165
8211
8257
8303
8349
8395
8441
8487
8533
8579
8625
8671
8717
8763
8809
8855
8901
8947
8993
9039
9085
9131
9177
9223
9269
9315
9361
9407
9453
9499
9545
9591
9637
9683
9729
9775
9821
9867
9913
9959
10005
29
87
145
203
261
319
377
435
493
551
609
667
725
783
841
899
957
1015
1073
1131
1189
1247
1305
1363
1421
1479
1537
1595
1653
1711
1769
1827
1885
1943
2001
2059
2117
2175
2233
2291
2349
2407
2465
2523
2581
2639
2697
2755
2813
2871
2929
2987
3045
3103
3161
3219
3277
3335
3393
3451
3509
3567
3625
3683
3741
3799
3857
3915
3973
4031
4089
4147
4205
4263
4321
4379
4437
4495
4553
4611
4669
4727
4785
4843
4901
4959
5017
5075
5133
5191
5249
5307
5365
5423
5481
5539
5597
5655
5713
5771
5829
5887
5945
6003
6061
6119
6177
6235
6293
6351
6409
6467
6525
6583
6641
6699
6757
6815
6873
6931
6989
7047
7105
7163
7221
7279
7337
7395
7453
7511
7569
7627
7685
7743
7801
7859
7917
7975
8033
8091
8149
8207
8265
8323
8381
8439
8497
8555
8613
8671
8729
8787
8845
8903
8961
9019
9077
9135
9193
9251
9309
9367
9425
9483
9541
9599
9657
9715
9773
9831
9889
9947
10005
31
93
155
217
279
341
403
465
527
589
651
713
775
837
899
961
1023
1085
1147
1209
1271
1333
1395
1457
1519
1581
1643
1705
1767
1829
1891
1953
2015
2077
2139
2201
2263
2325
2387
2449
2511
2573
2635
2697
2759
2821
2883
2945
3007
3069
3131
3193
3255
3317
3379
3441
3503
3565
3627
3689
3751
3813
3875
3937
3999
4061
4123
4185
4247
4309
4371
4433
4495
4557
4619
4681
4743
4805
4867
4929
4991
5053
5115
5177
5239
5301
5363
5425
5487
5549
5611
5673
5735
5797
5859
5921
5983
6045
6107
6169
6231
6293
6355
6417
6479
6541
6603
6665
6727
6789
6851
6913
6975
7037
7099
7161
7223
7285
7347
7409
7471
7533
7595
7657
7719
7781
7843
7905
7967
8029
8091
8153
8215
8277
8339
8401
8463
8525
8587
8649
8711
8773
8835
8897
8959
9021
9083
9145
9207
9269
9331
9393
9455
9517
9579
9641
9703
9765
9827
9889
9951
10013
37
111
185
259
333
407
481
555
629
703
777
851
925
999
1073
1147
1221
1295
1369
1443
1517
1591
1665
1739
1813
1887
1961
2035
2109
2183
2257
2331
2405
2479
2553
2627
2701
2775
2849
2923
2997
3071
3145
3219
3293
3367
3441
3515
3589
3663
3737
3811
3885
3959
4033
4107
4181
4255
4329
4403
4477
4551
4625
4699
4773
4847
4921
4995
5069
5143
5217
5291
5365
5439
5513
5587
5661
5735
5809
5883
5957
6031
6105
6179
6253
6327
6401
6475
6549
6623
6697
6771
6845
6919
6993
7067
7141
7215
7289
7363
7437
7511
7585
7659
7733
7807
7881
7955
8029
8103
8177
8251
8325
8399
8473
8547
8621
8695
8769
8843
8917
8991
9065
9139
9213
9287
9361
9435
9509
9583
9657
9731
9805
9879
9953
10027
41
123
205
287
369
451
533
615
697
779
861
943
1025
1107
1189
1271
1353
1435
1517
1599
1681
1763
1845
1927
2009
2091
2173
2255
2337
2419
2501
2583
2665
2747
2829
2911
2993
3075
3157
3239
3321
3403
3485
3567
3649
3731
3813
3895
3977
4059
4141
4223
4305
4387
4469
4551
4633
4715
4797
4879
4961
5043
5125
5207
5289
5371
5453
5535
5617
5699
5781
5863
5945
6027
6109
6191
6273
6355
6437
6519
6601
6683
6765
6847
6929
7011
7093
7175
7257
7339
7421
7503
7585
7667
7749
7831
7913
7995
8077
8159
8241
8323
8405
8487
8569
8651
8733
8815
8897
8979
9061
9143
9225
9307
9389
9471
9553
9635
9717
9799
9881
9963
10045
43
129
215
301
387
473
559
645
731
817
903
989
1075
1161
1247
1333
1419
1505
1591
1677
1763
1849
1935
2021
2107
2193
2279
2365
2451
2537
2623
2709
2795
2881
2967
3053
3139
3225
3311
3397
3483
3569
3655
3741
3827
3913
3999
4085
4171
4257
4343
4429
4515
4601
4687
4773
4859
4945
5031
5117
5203
5289
5375
5461
5547
5633
5719
5805
5891
5977
6063
6149
6235
6321
6407
6493
6579
6665
6751
6837
6923
7009
7095
7181
7267
7353
7439
7525
7611
7697
7783
7869
7955
8041
8127
8213
8299
8385
8471
8557
8643
8729
8815
8901
8987
9073
9159
9245
9331
9417
9503
9589
9675
9761
9847
9933
10019
47
141
235
329
423
517
611
705
799
893
987
1081
1175
1269
1363
1457
1551
1645
1739
1833
1927
2021
2115
2209
2303
2397
2491
2585
2679
2773
2867
2961
3055
3149
3243
3337
3431
3525
3619
3713
3807
3901
3995
4089
4183
4277
4371
4465
4559
4653
4747
4841
4935
5029
5123
5217
5311
5405
5499
5593
5687
5781
5875
5969
6063
6157
6251
6345
6439
6533
6627
6721
6815
6909
7003
7097
7191
7285
7379
7473
7567
7661
7755
7849
7943
8037
8131
8225
8319
8413
8507
8601
8695
8789
8883
8977
9071
9165
9259
9353
9447
9541
9635
9729
9823
9917
10011
53
159
265
371
477
583
689
795
901
1007
1113
1219
1325
1431
1537
1643
1749
1855
1961
2067
2173
2279
2385
2491
2597
2703
2809
2915
3021
3127
3233
3339
3445
3551
3657
3763
3869
3975
4081
4187
4293
4399
4505
4611
4717
4823
4929
5035
5141
5247
5353
5459
5565
5671
5777
5883
5989
6095
6201
6307
6413
6519
6625
6731
6837
6943
7049
7155
7261
7367
7473
7579
7685
7791
7897
8003
8109
8215
8321
8427
8533
8639
8745
8851
8957
9063
9169
9275
9381
9487
9593
9699
9805
9911
10017
59
177
295
413
531
649
767
885
1003
1121
1239
1357
1475
1593
1711
1829
1947
2065
2183
2301
2419
2537
2655
2773
2891
3009
3127
3245
3363
3481
3599
3717
3835
3953
4071
4189
4307
4425
4543
4661
4779
4897
5015
5133
5251
5369
5487
5605
5723
5841
5959
6077
6195
6313
6431
6549
6667
6785
6903
7021
7139
7257
7375
7493
7611
7729
7847
7965
8083
8201
8319
8437
8555
8673
8791
8909
9027
9145
9263
9381
9499
9617
9735
9853
9971
10089
61
183
305
427
549
671
793
915
1037
1159
1281
1403
1525
1647
1769
1891
2013
2135
2257
2379
2501
2623
2745
2867
2989
3111
3233
3355
3477
3599
3721
3843
3965
4087
4209
4331
4453
4575
4697
4819
4941
5063
5185
5307
5429
5551
5673
5795
5917
6039
6161
6283
6405
6527
6649
6771
6893
7015
7137
7259
7381
7503
7625
7747
7869
7991
8113
8235
8357
8479
8601
8723
8845
8967
9089
9211
9333
9455
9577
9699
9821
9943
10065
67
201
335
469
603
737
871
1005
1139
1273
1407
1541
1675
1809
1943
2077
2211
2345
2479
2613
2747
2881
3015
3149
3283
3417
3551
3685
3819
3953
4087
4221
4355
4489
4623
4757
4891
5025
5159
5293
5427
5561
5695
5829
5963
6097
6231
6365
6499
6633
6767
6901
7035
7169
7303
7437
7571
7705
7839
7973
8107
8241
8375
8509
8643
8777
8911
9045
9179
9313
9447
9581
9715
9849
9983
10117
71
213
355
497
639
781
923
1065
1207
1349
1491
1633
1775
1917
2059
2201
2343
2485
2627
2769
2911
3053
3195
3337
3479
3621
3763
3905
4047
4189
4331
4473
4615
4757
4899
5041
5183
5325
5467
5609
5751
5893
6035
6177
6319
6461
6603
6745
6887
7029
7171
7313
7455
7597
7739
7881
8023
8165
8307
8449
8591
8733
8875
9017
9159
9301
9443
9585
9727
9869
10011
73
219
365
511
657
803
949
1095
1241
1387
1533
1679
1825
1971
2117
2263
2409
2555
2701
2847
2993
3139
3285
3431
3577
3723
3869
4015
4161
4307
4453
4599
4745
4891
5037
5183
5329
5475
5621
5767
5913
6059
6205
6351
6497
6643
6789
6935
7081
7227
7373
7519
7665
7811
7957
8103
8249
8395
8541
8687
8833
8979
9125
9271
9417
9563
9709
9855
10001
79
237
395
553
711
869
1027
1185
1343
1501
1659
1817
1975
2133
2291
2449
2607
2765
2923
3081
3239
3397
3555
3713
3871
4029
4187
4345
4503
4661
4819
4977
5135
5293
5451
5609
5767
5925
6083
6241
6399
6557
6715
6873
7031
7189
7347
7505
7663
7821
7979
8137
8295
8453
8611
8769
8927
9085
9243
9401
9559
9717
9875
10033
83
249
415
581
747
913
1079
1245
1411
1577
1743
1909
2075
2241
2407
2573
2739
2905
3071
3237
3403
3569
3735
3901
4067
4233
4399
4565
4731
4897
5063
5229
5395
5561
5727
5893
6059
6225
6391
6557
6723
6889
7055
7221
7387
7553
7719
7885
8051
8217
8383
8549
8715
8881
9047
9213
9379
9545
9711
9877
10043
89
267
445
623
801
979
1157
1335
1513
1691
1869
2047
2225
2403
2581
2759
2937
3115
3293
3471
3649
3827
4005
4183
4361
4539
4717
4895
5073
5251
5429
5607
5785
5963
6141
6319
6497
6675
6853
7031
7209
7387
7565
7743
7921
8099
8277
8455
8633
8811
8989
9167
9345
9523
9701
9879
10057
97
291
485
679
873
1067
1261
1455
1649
1843
2037
2231
2425
2619
2813
3007
3201
3395
3589
3783
3977
4171
4365
4559
4753
4947
5141
5335
5529
5723
5917
6111
6305
6499
6693
6887
7081
7275
7469
7663
7857
8051
8245
8439
8633
8827
9021
9215
9409
9603
9797
9991
10185
3
9
15
21
27
33
39
45
51
57
63
69
75
81
87
93
99
105
111
117
123
129
135
141
147
153
159
165
171
177
183
189
195
201
207
213
219
225
231
237
243
249
255
261
267
273
279
285
291
297
303
309
315
321
327
333
339
345
351
357
363
369
375
381
387
393
399
405
411
417
423
429
435
441
447
453
459
465
471
477
483
489
495
501
507
513
519
525
531
537
543
549
555
561
567
573
579
585
591
597
603
609
615
621
627
633
639
645
651
657
663
669
675
681
687
693
699
705
711
717
723
729
735
741
747
753
759
765
771
777
783
789
795
801
807
813
819
825
831
837
843
849
855
861
867
873
879
885
891
897
903
909
915
921
927
933
939
945
951
957
963
969
975
981
987
993
999
1005
1011
1017
1023
1029
1035
1041
1047
1053
1059
1065
1071
1077
1083
1089
1095
1101
1107
1113
1119
1125
1131
1137
1143
1149
1155
1161
1167
1173
1179
1185
1191
1197
1203
1209
1215
1221
1227
1233
1239
1245
1251
1257
1263
1269
1275
1281
1287
1293
1299
1305
1311
1317
1323
1329
1335
1341
1347
1353
1359
1365
1371
1377
1383
1389
1395
1401
1407
1413
1419
1425
1431
1437
1443
1449
1455
1461
1467
1473
1479
1485
1491
1497
1503
1509
1515
1521
1527
1533
1539
1545
1551
1557
1563
1569
1575
1581
1587
1593
1599
1605
1611
1617
1623
1629
1635
1641
1647
1653
1659
1665
1671
1677
1683
1689
1695
1701
1707
1713
1719
1725
1731
1737
1743
1749
1755
1761
1767
1773
1779
1785
1791
1797
1803
1809
1815
1821
1827
1833
1839
1845
1851
1857
1863
1869
1875
1881
1887
1893
1899
1905
1911
1917
1923
1929
1935
1941
1947
1953
1959
1965
1971
1977
1983
1989
1995
2001
2007
2013
2019
2025
2031
2037
2043
2049
2055
2061
2067
2073
2079
2085
2091
2097
2103
2109
2115
2121
2127
2133
2139
2145
2151
2157
2163
2169
2175
2181
2187
2193
2199
2205
2211
2217
2223
2229
2235
2241
2247
2253
2259
2265
2271
2277
2283
2289
2295
2301
2307
2313
2319
2325
2331
2337
2343
2349
2355
2361
2367
2373
2379
2385
2391
2397
2403
2409
2415
2421
2427
2433
2439
2445
2451
2457
2463
2469
2475
2481
2487
2493
2499
2505
2511
2517
2523
2529
2535
2541
2547
2553
2559
2565
2571
2577
2583
2589
2595
2601
2607
2613
2619
2625
2631
2637
2643
2649
2655
2661
2667
2673
2679
2685
2691
2697
2703
2709
2715
2721
2727
2733
2739
2745
2751
2757
2763
2769
2775
2781
2787
2793
2799
2805
2811
2817
2823
2829
2835
2841
2847
2853
2859
2865
2871
2877
2883
2889
2895
2901
2907
2913
2919
2925
2931
2937
2943
2949
2955
2961
2967
2973
2979
2985
2991
2997
3003
3009
3015
3021
3027
3033
3039
3045
3051
3057
3063
3069
3075
3081
3087
3093
3099
3105
3111
3117
3123
3129
3135
3141
3147
3153
3159
3165
3171
3177
3183
3189
3195
3201
3207
3213
3219
3225
3231
3237
3243
3249
3255
3261
3267
3273
3279
3285
3291
3297
3303
3309
3315
3321
3327
3333
3339
3345
3351
3357
3363
3369
3375
3381
3387
3393
3399
3405
3411
3417
3423
3429
3435
3441
3447
3453
3459
3465
3471
3477
3483
3489
3495
3501
3507
3513
3519
3525
3531
3537
3543
3549
3555
3561
3567
3573
3579
3585
3591
3597
3603
3609
3615
3621
3627
3633
3639
3645
3651
3657
3663
3669
3675
3681
3687
3693
3699
3705
3711
3717
3723
3729
3735
3741
3747
3753
3759
3765
3771
3777
3783
3789
3795
3801
3807
3813
3819
3825
3831
3837
3843
3849
3855
3861
3867
3873
3879
3885
3891
3897
3903
3909
3915
3921
3927
3933
3939
3945
3951
3957
3963
3969
3975
3981
3987
3993
3999
4005
4011
4017
4023
4029
4035
4041
4047
4053
4059
4065
4071
4077
4083
4089
4095
4101
4107
4113
4119
4125
4131
4137
4143
4149
4155
4161
4167
4173
4179
4185
4191
4197
4203
4209
4215
4221
4227
4233
4239
4245
4251
4257
4263
4269
4275
4281
4287
4293
4299
4305
4311
4317
4323
4329
4335
4341
4347
4353
4359
4365
4371
4377
4383
4389
4395
4401
4407
4413
4419
4425
4431
4437
4443
4449
4455
4461
4467
4473
4479
4485
4491
4497
4503
4509
4515
4521
4527
4533
4539
4545
4551
4557
4563
4569
4575
4581
4587
4593
4599
4605
4611
4617
4623
4629
4635
4641
4647
4653
4659
4665
4671
4677
4683
4689
4695
4701
4707
4713
4719
4725
4731
4737
4743
4749
4755
4761
4767
4773
4779
4785
4791
4797
4803
4809
4815
4821
4827
4833
4839
4845
4851
4857
4863
4869
4875
4881
4887
4893
4899
4905
4911
4917
4923
4929
4935
4941
4947
4953
4959
4965
4971
4977
4983
4989
4995
5001
5007
5013
5019
5025
5031
5037
5043
5049
5055
5061
5067
5073
5079
5085
5091
5097
5103
5109
5115
5121
5127
5133
5139
5145
5151
5157
5163
5169
5175
5181
5187
5193
5199
5205
5211
5217
5223
5229
5235
5241
5247
5253
5259
5265
5271
5277
5283
5289
5295
5301
5307
5313
5319
5325
5331
5337
5343
5349
5355
5361
5367
5373
5379
5385
5391
5397
5403
5409
5415
5421
5427
5433
5439
5445
5451
5457
5463
5469
5475
5481
5487
5493
5499
5505
5511
5517
5523
5529
5535
5541
5547
5553
5559
5565
5571
5577
5583
5589
5595
5601
5607
5613
5619
5625
5631
5637
5643
5649
5655
5661
5667
5673
5679
5685
5691
5697
5703
5709
5715
5721
5727
5733
5739
5745
5751
5757
5763
5769
5775
5781
5787
5793
5799
5805
5811
5817
5823
5829
5835
5841
5847
5853
5859
5865
5871
5877
5883
5889
5895
5901
5907
5913
5919
5925
5931
5937
5943
5949
5955
5961
5967
5973
5979
5985
5991
5997
6003
6009
6015
6021
6027
6033
6039
6045
6051
6057
6063
6069
6075
6081
6087
6093
6099
6105
6111
6117
6123
6129
6135
6141
6147
6153
6159
6165
6171
6177
6183
6189
6195
6201
6207
6213
6219
6225
6231
6237
6243
6249
6255
6261
6267
6273
6279
6285
6291
6297
6303
6309
6315
6321
6327
6333
6339
6345
6351
6357
6363
6369
6375
6381
6387
6393
6399
6405
6411
6417
6423
6429
6435
6441
6447
6453
6459
6465
6471
6477
6483
6489
6495
6501
6507
6513
6519
6525
6531
6537
6543
6549
6555
6561
6567
6573
6579
6585
6591
6597
6603
6609
6615
6621
6627
6633
6639
6645
6651
6657
6663
6669
6675
6681
6687
6693
6699
6705
6711
6717
6723
6729
6735
6741
6747
6753
6759
6765
6771
6777
6783
6789
6795
6801
6807
6813
6819
6825
6831
6837
6843
6849
6855
6861
6867
6873
6879
6885
6891
6897
6903
6909
6915
6921
6927
6933
6939
6945
6951
6957
6963
6969
6975
6981
6987
6993
6999
7005
7011
7017
7023
7029
7035
7041
7047
7053
7059
7065
7071
7077
7083
7089
7095
7101
7107
7113
7119
7125
7131
7137
7143
7149
7155
7161
7167
7173
7179
7185
7191
7197
7203
7209
7215
7221
7227
7233
7239
7245
7251
7257
7263
7269
7275
7281
7287
7293
7299
7305
7311
7317
7323
7329
7335
7341
7347
7353
7359
7365
7371
7377
7383
7389
7395
7401
7407
7413
7419
7425
7431
7437
7443
7449
7455
7461
7467
7473
7479
7485
7491
7497
7503
7509
7515
7521
7527
7533
7539
7545
7551
7557
7563
7569
7575
7581
7587
7593
7599
7605
7611
7617
7623
7629
7635
7641
7647
7653
7659
7665
7671
7677
7683
7689
7695
7701
7707
7713
7719
7725
7731
7737
7743
7749
7755
7761
7767
7773
7779
7785
7791
7797
7803
7809
7815
7821
7827
7833
7839
7845
7851
7857
7863
7869
7875
7881
7887
7893
7899
7905
7911
7917
7923
7929
7935
7941
7947
7953
7959
7965
7971
7977
7983
7989
7995
8001
8007
8013
8019
8025
8031
8037
8043
8049
8055
8061
8067
8073
8079
8085
8091
8097
8103
8109
8115
8121
8127
8133
8139
8145
8151
8157
8163
8169
8175
8181
8187
8193
8199
8205
8211
8217
8223
8229
8235
8241
8247
8253
8259
8265
8271
8277
8283
8289
8295
8301
8307
8313
8319
8325
8331
8337
8343
8349
8355
8361
8367
8373
8379
8385
8391
8397
8403
8409
8415
8421
8427
8433
8439
8445
8451
8457
8463
8469
8475
8481
8487
8493
8499
8505
8511
8517
8523
8529
8535
8541
8547
8553
8559
8565
8571
8577
8583
8589
8595
8601
8607
8613
8619
8625
8631
8637
8643
8649
8655
8661
8667
8673
8679
8685
8691
8697
8703
8709
8715
8721
8727
8733
8739
8745
8751
8757
8763
8769
8775
8781
8787
8793
8799
8805
8811
8817
8823
8829
8835
8841
8847
8853
8859
8865
8871
8877
8883
8889
8895
8901
8907
8913
8919
8925
8931
8937
8943
8949
8955
8961
8967
8973
8979
8985
8991
8997
9003
9009
9015
9021
9027
9033
9039
9045
9051
9057
9063
9069
9075
9081
9087
9093
9099
9105
9111
9117
9123
9129
9135
9141
9147
9153
9159
9165
9171
9177
9183
9189
9195
9201
9207
9213
9219
9225
9231
9237
9243
9249
9255
9261
9267
9273
9279
9285
9291
9297
9303
9309
9315
9321
9327
9333
9339
9345
9351
9357
9363
9369
9375
9381
9387
9393
9399
9405
9411
9417
9423
9429
9435
9441
9447
9453
9459
9465
9471
9477
9483
9489
9495
9501
9507
9513
9519
9525
9531
9537
9543
9549
9555
9561
9567
9573
9579
9585
9591
9597
9603
9609
9615
9621
9627
9633
9639
9645
9651
9657
9663
9669
9675
9681
9687
9693
9699
9705
9711
9717
9723
9729
9735
9741
9747
9753
9759
9765
9771
9777
9783
9789
9795
9801
9807
9813
9819
9825
9831
9837
9843
9849
9855
9861
9867
9873
9879
9885
9891
9897
9903
9909
9915
9921
9927
9933
9939
9945
9951
9957
9963
9969
9975
9981
9987
9993
9999
10005
7
21
35
49
63
77
91
105
119
133
147
161
175
189
203
217
231
245
259
273
287
301
315
329
343
357
371
385
399
413
427
441
455
469
483
497
511
525
539
553
567
581
595
609
623
637
651
665
679
693
707
721
735
749
763
777
791
805
819
833
847
861
875
889
903
917
931
945
959
973
987
1001
1015
1029
1043
1057
1071
1085
1099
1113
1127
1141
1155
1169
1183
1197
1211
1225
1239
1253
1267
1281
1295
1309
1323
1337
1351
1365
1379
1393
1407
1421
1435
1449
1463
1477
1491
1505
1519
1533
1547
1561
1575
1589
1603
1617
1631
1645
1659
1673
1687
1701
1715
1729
1743
1757
1771
1785
1799
1813
1827
1841
1855
1869
1883
1897
1911
1925
1939
1953
1967
1981
1995
2009
2023
2037
2051
2065
2079
2093
2107
2121
2135
2149
2163
2177
2191
2205
2219
2233
2247
2261
2275
2289
2303
2317
2331
2345
2359
2373
2387
2401
2415
2429
2443
2457
2471
2485
2499
2513
2527
2541
2555
2569
2583
2597
2611
2625
2639
2653
2667
2681
2695
2709
2723
2737
2751
2765
2779
2793
2807
2821
2835
2849
2863
2877
2891
2905
2919
2933
2947
2961
2975
2989
3003
3017
3031
3045
3059
3073
3087
3101
3115
3129
3143
3157
3171
3185
3199
3213
3227
3241
3255
3269
3283
3297
3311
3325
3339
3353
3367
3381
3395
3409
3423
3437
3451
3465
3479
3493
3507
3521
3535
3549
3563
3577
3591
3605
3619
3633
3647
3661
3675
3689
3703
3717
3731
3745
3759
3773
3787
3801
3815
3829
3843
3857
3871
3885
3899
3913
3927
3941
3955
3969
3983
3997
4011
4025
4039
4053
4067
4081
4095
4109
4123
4137
4151
4165
4179
4193
4207
4221
4235
4249
4263
4277
4291
4305
4319
4333
4347
4361
4375
4389
4403
4417
4431
4445
4459
4473
4487
4501
4515
4529
4543
4557
4571
4585
4599
4613
4627
4641
4655
4669
4683
4697
4711
4725
4739
4753
4767
4781
4795
4809
4823
4837
4851
4865
4879
4893
4907
4921
4935
4949
4963
4977
4991
5005
5019
5033
5047
5061
5075
5089
5103
5117
5131
5145
5159
5173
5187
5201
5215
5229
5243
5257
5271
5285
5299
5313
5327
5341
5355
5369
5383
5397
5411
5425
5439
5453
5467
5481
5495
5509
5523
5537
5551
5565
5579
5593
5607
5621
5635
5649
5663
5677
5691
5705
5719
5733
5747
5761
5775
5789
5803
5817
5831
5845
5859
5873
5887
5901
5915
5929
5943
5957
5971
5985
5999
6013
6027
6041
6055
6069
6083
6097
6111
6125
6139
6153
6167
6181
6195
6209
6223
6237
6251
6265
6279
6293
6307
6321
6335
6349
6363
6377
6391
6405
6419
6433
6447
6461
6475
6489
6503
6517
6531
6545
6559
6573
6587
6601
6615
6629
6643
6657
6671
6685
6699
6713
6727
6741
6755
6769
6783
6797
6811
6825
6839
6853
6867
6881
6895
6909
6923
6937
6951
6965
6979
6993
7007
7021
7035
7049
7063
7077
7091
7105
7119
7133
7147
7161
7175
7189
7203
7217
7231
7245
7259
7273
7287
7301
7315
7329
7343
7357
7371
7385
7399
7413
7427
7441
7455
7469
7483
7497
7511
7525
7539
7553
7567
7581
7595
7609
7623
7637
7651
7665
7679
7693
7707
7721
7735
7749
7763
7777
7791
7805
7819
7833
7847
7861
7875
7889
7903
7917
7931
7945
7959
7973
7987
8001
8015
8029
8043
8057
8071
8085
8099
8113
8127
8141
8155
8169
8183
8197
8211
8225
8239
8253
8267
8281
8295
8309
8323
8337
8351
8365
8379
8393
8407
8421
8435
8449
8463
8477
8491
8505
8519
8533
8547
8561
8575
8589
8603
8617
8631
8645
8659
8673
8687
8701
8715
8729
8743
8757
8771
8785
8799
8813
8827
8841
8855
8869
8883
8897
8911
8925
8939
8953
8967
8981
8995
9009
9023
9037
9051
9065
9079
9093
9107
9121
9135
9149
9163
9177
9191
9205
9219
9233
9247
9261
9275
9289
9303
9317
9331
9345
9359
9373
9387
9401
9415
9429
9443
9457
9471
9485
9499
9513
9527
9541
9555
9569
9583
9597
9611
9625
9639
9653
9667
9681
9695
9709
9723
9737
9751
9765
9779
9793
9807
9821
9835
9849
9863
9877
9891
9905
9919
9933
9947
9961
9975
9989
10003
11
33
55
77
99
121
143
165
187
209
231
253
275
297
319
341
363
385
407
429
451
473
495
517
539
561
583
605
627
649
671
693
715
737
759
781
803
825
847
869
891
913
935
957
979
1001
1023
1045
1067
1089
1111
1133
1155
1177
1199
1221
1243
1265
1287
1309
1331
1353
1375
1397
1419
1441
1463
1485
1507
1529
1551
1573
1595
1617
1639
1661
1683
1705
1727
1749
1771
1793
1815
1837
1859
1881
1903
1925
1947
1969
1991
2013
2035
2057
2079
2101
2123
2145
2167
2189
2211
2233
2255
2277
2299
2321
2343
2365
2387
2409
2431
2453
2475
2497
2519
2541
2563
2585
2607
2629
2651
2673
2695
2717
2739
2761
2783
2805
2827
2849
2871
2893
2915
2937
2959
2981
3003
3025
3047
3069
3091
3113
3135
3157
3179
3201
3223
3245
3267
3289
3311
3333
3355
3377
3399
3421
3443
3465
3487
3509
3531
3553
3575
3597
3619
3641
3663
3685
3707
3729
3751
3773
3795
3817
3839
3861
3883
3905
3927
3949
3971
3993
4015
4037
4059
4081
4103
4125
4147
4169
4191
4213
4235
4257
4279
4301
4323
4345
4367
4389
4411
4433
4455
4477
4499
4521
4543
4565
4587
4609
4631
4653
4675
4697
4719
4741
4763
4785
4807
4829
4851
4873
4895
4917
4939
4961
4983
5005
5027
5049
5071
5093
5115
5137
5159
5181
5203
5225
5247
5269
5291
5313
5335
5357
5379
5401
5423
5445
5467
5489
5511
5533
5555
5577
5599
5621
5643
5665
5687
5709
5731
5753
5775
5797
5819
5841
5863
5885
5907
5929
5951
5973
5995
6017
6039
6061
6083
6105
6127
6149
6171
6193
6215
6237
6259
6281
6303
6325
6347
6369
6391
6413
6435
6457
6479
6501
6523
6545
6567
6589
6611
6633
6655
6677
6699
6721
6743
6765
6787
6809
6831
6853
6875
6897
6919
6941
6963
6985
7007
7029
7051
7073
7095
7117
7139
7161
7183
7205
7227
7249
7271
7293
7315
7337
7359
7381
7403
7425
7447
7469
7491
7513
7535
7557
7579
7601
7623
7645
7667
7689
7711
7733
7755
7777
7799
7821
7843
7865
7887
7909
7931
7953
7975
7997
8019
8041
8063
8085
8107
8129
8151
8173
8195
8217
8239
8261
8283
8305
8327
8349
8371
8393
8415
8437
8459
8481
8503
8525
8547
8569
8591
8613
8635
8657
8679
8701
8723
8745
8767
8789
8811
8833
8855
8877
8899
8921
8943
8965
8987
9009
9031
9053
9075
9097
9119
9141
9163
9185
9207
9229
9251
9273
9295
9317
9339
9361
9383
9405
9427
9449
9471
9493
9515
9537
9559
9581
9603
9625
9647
9669
9691
9713
9735
9757
9779
9801
9823
9845
9867
9889
9911
9933
9955
9977
9999
10021
13
39
65
91
117
143
169
195
221
247
273
299
325
351
377
403
429
455
481
507
533
559
585
611
637
663
689
715
741
767
793
819
845
871
897
923
949
975
1001
1027
1053
1079
1105
1131
1157
1183
1209
1235
1261
1287
1313
1339
1365
1391
1417
1443
1469
1495
1521
1547
1573
1599
1625
1651
1677
1703
1729
1755
1781
1807
1833
1859
1885
1911
1937
1963
1989
2015
2041
2067
2093
2119
2145
2171
2197
2223
2249
2275
2301
2327
2353
2379
2405
2431
2457
2483
2509
2535
2561
2587
2613
2639
2665
2691
2717
2743
2769
2795
2821
2847
2873
2899
2925
2951
2977
3003
3029
3055
3081
3107
3133
3159
3185
3211
3237
3263
3289
3315
3341
3367
3393
3419
3445
3471
3497
3523
3549
3575
3601
3627
3653
3679
3705
3731
3757
3783
3809
3835
3861
3887
3913
3939
3965
3991
4017
4043
4069
4095
4121
4147
4173
4199
4225
4251
4277
4303
4329
4355
4381
4407
4433
4459
4485
4511
4537
4563
4589
4615
4641
4667
4693
4719
4745
4771
4797
4823
4849
4875
4901
4927
4953
4979
5005
5031
5057
5083
5109
5135
5161
5187
5213
5239
5265
5291
5317
5343
5369
5395
5421
5447
5473
5499
5525
5551
5577
5603
5629
5655
5681
5707
5733
5759
5785
5811
5837
5863
5889
5915
5941
5967
5993
6019
6045
6071
6097
6123
6149
6175
6201
6227
6253
6279
6305
6331
6357
6383
6409
6435
6461
6487
6513
6539
6565
6591
6617
6643
6669
6695
6721
6747
6773
6799
6825
6851
6877
6903
6929
6955
6981
7007
7033
7059
7085
7111
7137
7163
7189
7215
7241
7267
7293
7319
7345
7371
7397
7423
7449
7475
7501
7527
7553
7579
7605
7631
7657
7683
7709
7735
7761
7787
7813
7839
7865
7891
7917
7943
7969
7995
8021
8047
8073
8099
8125
8151
8177
8203
8229
8255
8281
8307
8333
8359
8385
8411
8437
8463
8489
8515
8541
8567
8593
8619
8645
8671
8697
8723
8749
8775
8801
8827
8853
8879
8905
8931
8957
8983
9009
9035
9061
9087
9113
9139
9165
9191
9217
9243
9269
9295
9321
9347
9373
9399
9425
9451
9477
9503
9529
9555
9581
9607
9633
9659
9685
9711
9737
9763
9789
9815
9841
9867
9893
9919
9945
9971
9997
10023
