100030001
100050001
100060001
100111001
100131001
100161001
100191001
100212001
100242001
100252001
100303001
100333001
100383001
100404001
100414001
100434001
100474001
100494001
100515001
100525001
100606001
100636001
100656001
100707001
100747001
100767001
100797001
100818001
100828001
100848001
100858001
100888001
100989001
100999001
101000101
101030101
101060101
101141101
101171101
101262101
101282101
101292101
101303101
101313101
101343101
101373101
101414101
101424101
101474101
101585101
101595101
101606101
101616101
101717101
101757101
101777101
101808101
101828101
101838101
101898101
101919101
101949101
101999101
102010201
102040201
102070201
102161201
102202201
102232201
102262201
102272201
102323201
102343201
102383201
102454201
102484201
102494201
102505201
102515201
102535201
102565201
102575201
102595201
102616201
102676201
102686201
102707201
102757201
102808201
102838201
102848201
102868201
102878201
103000301
103050301
103060301
103161301
103171301
103212301
103242301
103282301
103303301
103323301
103333301
103353301
103363301
103414301
103444301
103464301
103515301
103575301
103626301
103666301
103686301
103696301
103717301
103777301
103797301
103818301
103828301
103848301
103858301
103909301
103939301
104000401
104030401
104040401
104060401
104070401
104111401
104121401
104171401
104181401
104222401
104282401
104333401
104363401
104424401
104444401
104454401
104565401
104585401
104595401
104616401
104646401
104676401
104717401
104727401
104777401
104787401
104838401
104858401
104888401
104909401
104919401
104949401
104979401
105050501
105080501
105121501
105131501
105161501
105191501
105202501
105212501
105262501
105272501
105292501
105313501
105323501
105343501
105383501
105404501
105434501
105464501
105484501
105505501
100030001
100050001
100060001
100111001
100131001
100161001
100191001
100212001
100242001
100252001
100303001
100333001
100383001
100404001
100414001
100434001
100474001
100494001
100515001
100525001
100606001
100636001
100656001
100707001
100747001
100767001
100797001
100818001
100828001
100848001
100858001
100888001
100989001
100999001
101000101
101030101
101060101
101141101
101171101
101262101
101282101
101292101
101303101
101313101
101343101
101373101
101414101
101424101
101474101
101585101
101595101
101606101
101616101
101717101
101757101
101777101
101808101
101828101
