9
21
27
33
39
49
51
57
63
69
77
81
87
91
93
99
111
117
119
121
123
129
133
141
143
147
153
159
161
169
171
177
183
187
189
201
203
207
209
213
217
219
221
231
237
243
247
249
253
259
261
267
273
279
287
289
291
297
299
301
303
309
319
321
323
327
329
333
339
341
343
351
357
361
363
369
371
377
381
387
391
393
399
403
407
411
413
417
423
427
429
437
441
447
451
453
459
469
471
473
477
481
483
489
493
497
501
507
511
513
517
519
527
529
531
533
537
539
543
549
551
553
559
561
567
573
579
581
583
589
591
597
603
609
611
621
623
627
629
633
637
639
649
651
657
663
667
669
671
679
681
687
689
693
697
699
703
707
711
713
717
721
723
729
731
737
741
747
749
753
759
763
767
771
777
779
781
783
789
791
793
799
801
803
807
813
817
819
831
833
837
841
843
847
849
851
861
867
869
871
873
879
889
891
893
897
899
901
903
909
913
917
921
923
927
931
933
939
943
949
951
957
959
961
963
969
973
979
981
987
989
993
999
1001
1003
1007
1011
1017
1023
1027
1029
1037
1041
1043
1047
1053
1057
1059
1067
1071
1073
1077
1079
1081
1083
1089
1099
1101
1107
1111
1113
1119
1121
1127
1131
1133
1137
1139
1141
1143
1147
1149
1157
1159
1161
1167
1169
1173
1177
1179
1183
1189
1191
1197
1199
1203
1207
1209
1211
1219
1221
1227
1233
1239
1241
1243
1247
1251
1253
1257
1261
1263
1267
1269
1271
1273
1281
1287
1293
1299
1309
1311
1313
1317
1323
1329
1331
1333
1337
1339
1341
1343
1347
1349
1351
1353
1357
1359
1363
1369
1371
1377
1379
1383
1387
1389
1391
1393
1397
1401
1403
1407
1411
1413
1417
1419
1421
1431
1437
1441
1443
1449
1457
1461
1463
1467
1469
1473
1477
1479
1491
1497
1501
1503
1507
1509
1513
1517
1519
1521
1527
1529
1533
1537
1539
1541
1547
1551
1557
1561
1563
1569
1573
1577
1581
1587
1589
1591
1593
1599
1603
1611
1617
1623
1629
1631
1633
1639
1641
1643
1647
1649
1651
1653
1659
1661
1671
1673
1677
1679
1681
1683
1687
1689
1691
1701
1703
1707
1711
1713
1717
1719
1727
1729
1731
1737
1739
1743
1749
1751
1757
1761
1763
1767
1769
1771
1773
1779
1781
1791
1793
1797
1799
1803
1807
1809
1813
1817
1819
1821
1827
1829
1833
1837
1839
1841
1843
1849
1851
1853
1857
1859
1863
1869
1881
1883
1887
1891
1893
1897
1899
1903
1909
1911
1917
1919
1921
1923
1927
1929
1937
1939
1941
1943
1947
1953
1957
1959
1961
1963
1967
1969
1971
1977
1981
1983
1989
1991
2001
2007
2009
2013
2019
2021
2023
2031
2033
2037
2041
2043
2047
2049
2051
2057
2059
2061
2067
2071
2073
2077
2079
2091
2093
2097
2101
2103
2107
2109
2117
2119
2121
2123
2127
2133
2139
2147
2149
2151
2157
2159
2163
2167
2169
2171
2173
2177
2181
2183
2187
2189
2191
2193
2197
2199
2201
2209
2211
2217
2219
2223
2227
2229
2231
2233
2241
2247
2249
2253
2257
2259
2261
2263
2271
2277
2279
2283
2289
2291
2299
2301
2303
2307
2313
2317
2319
2321
2323
2327
2329
2331
2337
2343
2349
2353
2359
2361
2363
2367
2369
2373
2379
2387
2391
2397
2401
2403
2407
2409
2413
2419
2421
2427
2429
2431
2433
2439
2443
2449
2451
2453
2457
2461
2463
2469
2471
2479
2481
2483
2487
2489
2491
2493
2497
2499
2501
2507
2509
2511
2513
2517
2519
2523
2527
2529
2533
2537
2541
2547
2553
2559
2561
2563
2567
2569
2571
2573
2577
2581
2583
2587
2589
2597
2599
2601
2603
2607
2611
2613
2619
2623
2627
2629
2631
2637
2639
2641
2643
2649
2651
2653
2661
2667
2669
2673
2679
2681
2691
2697
2701
2703
2709
2717
2721
2723
2727
2733
2737
2739
2743
2747
2751
2757
2759
2761
2763
2769
2771
2773
2779
2781
2783
2787
2793
2799
2807
2809
2811
2813
2817
2821
2823
2827
2829
2831
2839
2841
2847
2849
2853
2859
2863
2867
2869
2871
2873
2877
2881
2883
2889
2891
2893
2899
2901
2907
2911
2913
2919
2921
2923
2929
2931
2933
2937
2941
2943
2947
2949
2951
2959
2961
2967
2973
2977
2979
2981
2983
2987
2989
2991
2993
2997
3003
3007
3009
3013
3017
3021
3027
3029
3031
3033
3039
3043
3047
3051
3053
3057
3059
3063
3069
3071
3073
3077
3081
3087
3091
3093
3097
3099
3101
3103
3107
3111
3113
3117
3123
3127
3129
3131
3133
3139
3141
3143
3147
3149
3151
3153
3157
3159
3161
3171
3173
3177
3179
3183
3189
3193
3197
3199
3201
3207
3211
3213
3219
3223
3227
3231
3233
3237
3239
3241
3243
3247
3249
3261
3263
3267
3269
3273
3277
3279
3281
3283
3287
3289
3291
3293
3297
3303
3309
3311
3317
3321
3327
3333
3337
3339
3341
3349
3351
3353
3357
3363
3367
3369
3377
3379
3381
3383
3387
3393
3397
3399
3401
3403
3409
3411
3417
3419
3421
3423
3427
3429
3431
3437
3439
3441
3443
3447
3451
3453
3459
3471
3473
3477
3479
3481
3483
3487
3489
3493
3497
3501
3503
3507
3509
3513
3519
3521
3523
3531
3537
3543
3549
3551
3553
3561
3563
3567
3569
3573
3577
3579
3587
3589
3591
3597
3599
3601
3603
3609
3611
3619
3621
3627
3629
3633
3639
3641
3647
3649
3651
3653
3657
3661
3663
3667
3669
3679
3681
3683
3687
3689
3693
3699
3703
3707
3711
3713
3717
3721
3723
3729
3731
3737
3741
3743
3747
3749
3751
3753
3757
3759
3763
3771
3773
3777
3781
3783
3787
3789
3791
3799
3801
3807
3809
3811
3813
3817
3819
3827
3829
3831
3837
3839
3841
3843
3849
3857
3859
3861
3867
3869
3871
3873
3879
3883
3887
3891
3893
3897
3899
3901
3903
3909
3913
3921
3927
3933
3937
3939
3941
3949
3951
3953
3957
3959
3961
3963
3969
3971
3973
3977
3979
3981
3983
3987
3991
3993
3997
3999
4009
4011
4017
4023
4029
4031
4033
4037
4039
4041
4043
4047
4053
4059
4061
4063
4067
4069
4071
4077
4081
4083
4087
4089
4097
4101
4103
4107
4109
4113
4117
4119
4121
4123
4131
4137
4141
4143
4147
4149
4151
4161
4163
4167
4169
4171
4173
4179
4181
4183
4187
4189
4191
4193
4197
4199
4203
4207
4209
4213
4221
4223
4227
4233
4237
4239
4247
4249
4251
4257
4263
4267
4269
4277
4279
4281
4287
4291
4293
4299
4301
4303
4307
4309
4311
4313
4317
4319
4321
4323
4329
4331
4333
4341
4343
4347
4351
4353
4359
4361
4367
4369
4371
4377
4379
4381
4383
4387
4389
4393
4399
4401
4403
4407
4411
4413
4417
4419
4427
4429
4431
4433
4437
4439
4443
4449
4453
4459
4461
4467
4469
4471
4473
4477
4479
4487
4489
4491
4497
4499
4501
4503
4509
4511
4521
4527
4529
4531
4533
4537
4539
4541
4543
4551
4553
4557
4559
4563
4569
4571
4573
4577
4579
4581
4587
4589
4593
4599
4601
4607
4609
4611
4613
4617
4619
4623
4627
4629
4631
4633
4641
4647
4653
4659
4661
4667
4669
4671
4677
4681
4683
4687
4689
4693
4697
4699
4701
4707
4709
4711
4713
4717
4719
4727
4731
4737
4739
4741
4743
4747
4749
4753
4757
4761
4763
4767
4769
4771
4773
4777
4779
4781
4791
4797
4803
4807
4809
4811
4819
4821
4823
4827
4829
4833
4837
4839
4841
4843
4847
4849
4851
4853
4857
4859
4863
4867
4869
4873
4879
4881
4883
4887
4891
4893
4897
4899
4901
4907
4911
4913
4917
4921
4923
4927
4929
4939
4941
4947
4949
4953
4959
4961
4963
4971
4977
4979
4981
4983
4989
4991
4997
5001
5007
5013
5017
5019
5027
5029
5031
5033
5037
5041
5043
5047
5049
5053
5057
5061
5063
5067
5069
5071
5073
5079
5083
5089
5091
5093
5097
5103
5109
5111
5117
5121
5123
5127
5129
5131
5133
5137
5139
5141
5143
5149
5151
5157
5159
5161
5163
5169
5173
5177
5181
5183
5187
5191
5193
5199
5201
5203
5207
5211
5213
5217
5219
5221
5223
5229
5239
5241
5243
5247
5249
5251
5253
5257
5259
5263
5267
5269
5271
5277
5283
5287
5289
5291
5293
5299
5301
5307
5311
5313
5317
5319
5321
5327
5329
5331
5337
5339
5341
5343
5349
5353
5357
5359
5361
5363
5367
5369
5371
5373
5377
5379
5383
5389
5391
5397
5401
5403
5409
5411
5421
5423
5427
5429
5433
5439
5447
5451
5453
5457
5459
5461
5463
5467
5469
5473
5481
5487
5489
5491
5493
5497
5499
5509
5511
5513
5517
5523
5529
5533
5537
5539
5541
5543
5547
5549
5551
5553
5559
5561
5567
5571
5577
5579
5583
5587
5589
5593
5597
5599
5601
5603
5607
5609
5611
5613
5617
5619
5621
5627
5629
5631
5633
5637
5643
5649
5661
5663
5667
5671
5673
5677
5679
5681
5687
5691
5697
5699
5703
5707
5709
5713
5719
5721
5723
5727
5729
5731
5733
5739
5747
5751
5753
5757
5759
5761
5763
5767
5769
5771
5773
5777
5781
5787
5789
5793
5797
5799
5803
5809
5811
5817
5819
5823
5829
5831
5833
5837
5841
5847
5853
5859
5863
5871
5873
5877
5883
5887
5889
5891
5893
5899
5901
5907
5909
5911
5913
5917
5919
5921
5929
5931
5933
5937
5941
5943
5947
5949
5951
5957
5959
5961
5963
5967
5969
5971
5973
5977
5979
5983
5989
5991
5993
5997
5999
6001
6003
6009
6013
6017
6019
6021
6023
6027
6031
6033
6039
6041
6049
6051
6057
6059
6061
6063
6069
6071
6077
6081
6083
6087
6093
6097
6099
6103
6107
6109
6111
6117
6119
6123
6127
6129
6137
6139
6141
6147
6149
6153
6157
6159
6161
6167
6169
6171
6177
6179
6181
6183
6187
6189
6191
6193
6201
6207
6209
6213
6219
6223
6227
6231
6233
6237
6239
6241
6243
6249
6251
6253
6259
6261
6267
6273
6279
6281
6283
6289
6291
6293
6297
6303
6307
6309
6313
6319
6321
6327
6331
6333
6339
6341
6347
6349
6351
6357
6363
6369
6371
6377
6381
6383
6387
6391
6393
6399
6401
6403
6407
6409
6411
6413
6417
6419
6423
6429
6431
6433
6437
6439
6441
6443
6447
6453
6457
6459
6461
6463
6467
6471
6477
6479
6483
6487
6489
6493
6497
6499
6501
6503
6507
6509
6511
6513
6517
6519
6523
6527
6531
6533
6537
6539
6541
6543
6549
6557
6559
6561
6567
6573
6579
6583
6587
6589
6591
6593
6597
6601
6603
6609
6611
6613
6617
6621
6623
6627
6629
6631
6633
6639
6641
6643
6647
6649
6651
6657
6663
6667
6669
6671
6677
6681
6683
6687
6693
6697
6699
6707
6711
6713
6717
6721
6723
6727
6729
6731
6739
6741
6743
6747
6749
6751
6753
6757
6759
6767
6769
6771
6773
6777
6783
6787
6789
6797
6799
6801
6807
6809
6811
6813
6817
6819
6821
6831
6837
6839
6843
6847
6849
6851
6853
6859
6861
6867
6873
6877
6879
6881
6887
6889
6891
6893
6897
6901
6903
6909
6913
6919
6921
6923
6927
6929
6931
6933
6937
6939
6941
6943
6951
6953
6957
6963
6969
6973
6979
6981
6987
6989
6993
6999
7003
7007
7009
7011
7017
7021
7023
7029
7031
7033
7037
7041
7047
7049
7051
7053
7059
7061
7063
7067
7071
7073
7077
7081
7083
7087
7089
7091
7093
7097
7099
7101
7107
7111
7113
7117
7119
7123
7131
7133
7137
7139
7141
7143
7147
7149
7153
7157
7161
7163
7167
7169
7171
7173
7179
7181
7183
7189
7191
7197
7199
7201
7203
7209
7217
7221
7223
7227
7231
7233
7239
7241
7249
7251
7257
7259
7261
7263
7267
7269
7271
7273
7277
7279
7281
7287
7289
7291
7293
7299
7301
7303
7311
7313
7317
7319
7323
7327
7329
7337
7339
7341
7343
7347
7353
7357
7359
7361
7363
7367
7371
7373
7377
7379
7381
7383
7387
7389
7391
7397
7399
7401
7403
7407
7409
7413
7419
7421
7423
7427
7429
7431
7437
7439
7441
7443
7447
7449
7453
7461
7463
7467
7469
7471
7473
7479
7483
7491
7493
7497
7501
7503
7509
7511
7513
7519
7521
7527
7531
7533
7539
7543
7551
7553
7557
7563
7567
7569
7571
7579
7581
7587
7593
7597
7599
7601
7609
7611
7613
7617
7619
7623
7627
7629
7631
7633
7637
7641
7647
7651
7653
7657
7659
7661
7663
7667
7671
7677
7679
7683
7689
7693
7697
7701
7707
7709
7711
7713
7719
7721
7729
7731
7733
7737
7739
7743
7747
7749
7751
7761
7763
7767
7769
7771
7773
7777
7779
7781
7783
7787
7791
7797
7799
7801
7803
7807
7809
7811
7813
7819
7821
7827
7831
7833
7837
7839
7843
7847
7849
7851
7857
7859
7861
7863
7869
7871
7881
7887
7889
7891
7893
7897
7899
7903
7909
7911
7913
7917
7921
7923
7929
7931
7939
7941
7943
7947
7953
7957
7959
7961
7967
7969
7971
7973
7977
7979
7981
7983
7987
7989
7991
7997
7999
8001
8003
8007
8013
8019
8021
8023
8027
8029
8031
8033
8037
8041
8043
8047
8049
8051
8057
8061
8063
8067
8071
8073
8077
8079
8083
8091
8097
8099
8103
8107
8109
8113
8119
8121
8127
8129
8131
8133
8137
8139
8141
8143
8149
8151
8153
8157
8159
8163
8169
8173
8177
8181
8183
8187
8189
8193
8197
8199
8201
8203
8207
8211
8213
8217
8223
8227
8229
8239
8241
8247
8249
8251
8253
8257
8259
8261
8267
8271
8277
8279
8281
8283
8289
8299
8301
8303
8307
8309
8313
8319
8321
8323
8327
8331
8333
8337
8339
8341
8343
8347
8349
8351
8357
8359
8361
8367
8371
8373
8379
8381
8383
8391
8393
8397
8399
8401
8403
8407
8409
8411
8413
8417
8421
8427
8433
8437
8439
8441
8449
8451
8453
8457
8459
8463
8469
8471
8473
8477
8479
8481
8483
8487
8489
8491
8493
8497
8499
8503
8507
8509
8511
8517
8519
8523
8529
8531
8533
8541
8547
8549
8551
8553
8557
8559
8561
8567
8569
8571
8577
8579
8583
8587
8589
8591
8593
8601
8603
8607
8611
8613
8617
8619
8621
8631
8633
8637
8639
8643
8649
8651
8653
8657
8659
8661
8667
8671
8673
8679
8683
8687
8691
8697
8701
8703
8709
8711
8717
8721
8723
8727
8729
8733
8739
8743
8749
8751
8757
8759
8763
8767
8769
8771
8773
8777
8781
8787
8789
8791
8793
8797
8799
8801
8809
8811
8813
8817
8823
8827
8829
8833
8841
8843
8847
8851
8853
8857
8859
8869
8871
8873
8877
8879
8881
8883
8889
8891
8897
8899
8901
8903
8907
8909
8911
8913
8917
8919
8921
8927
8931
8937
8939
8943
8947
8949
8953
8957
8959
8961
8967
8973
8977
8979
8981
8983
8987
8989
8991
8993
8997
9003
9009
9017
9019
9021
9023
9027
9031
9033
9037
9039
9047
9051
9053
9057
9061
9063
9069
9071
9073
9077
9079
9081
9083
9087
9089
9093
9097
9099
9101
9107
9111
9113
9117
9119
9121
9123
9129
9131
9139
9141
9143
9147
9149
9153
9159
9163
9167
9169
9171
9177
9179
9183
9189
9191
9193
9197
9201
9207
9211
9213
9217
9219
9223
9229
9231
9233
9237
9243
9247
9249
9251
9253
9259
9261
9263
9267
9269
9271
9273
9279
9287
9289
9291
9297
9299
9301
9303
9307
9309
9313
9317
9321
9327
9329
9331
9333
9339
9347
9351
9353
9357
9359
9361
9363
9367
9369
9373
9379
9381
9383
9387
9389
9393
9399
9401
9407
9409
9411
9417
9423
9427
9429
9441
9443
9447
9449
9451
9453
9457
9459
9469
9471
9477
9481
9483
9487
9489
9493
9499
9501
9503
9507
9509
9513
9517
9519
9523
9527
9529
9531
9537
9541
9543
9549
9553
9557
9559
9561
9563
9567
9569
9571
9573
9577
9579
9581
9583
9589
9591
9593
9597
9599
9603
9607
9609
9611
9617
9621
9627
9633
9637
9639
9641
9647
9651
9653
9657
9659
9663
9667
9669
9671
9673
9681
9683
9687
9691
9693
9699
9701
9703
9707
9709
9711
9713
9717
9723
9727
9729
9731
9737
9741
9747
9751
9753
9757
9759
9761
9763
9771
9773
9777
9779
9783
9789
9793
9797
9799
9801
9807
9809
9813
9819
9821
9823
9827
9831
9837
9841
9843
9847
9849
9853
9861
9863
9867
9869
9873
9877
9879
9881
9889
9891
9893
9897
9899
9903
9909
9911
9913
9917
9919
9921
9927
9933
9937
9939
9943
9947
9951
9953
9957
9959
9961
9963
9969
9971
9977
9979
9981
9983
9987
9989
9991
9993
9997
9999
10001
10003
10011
10013
10017
10019
10021
10023
10027
10029
10031
10033
10041
10043
10047
10049
10051
10053
10057
10059
10063
10071
10073
10077
10081
10083
10087
10089
10097
10101
10107
10109
10113
10117
10119
10121
10123
10127
10129
10131
10137
10143
10147
10149
10153
10157
10161
10167
10171
10173
10179
10183
10187
10189
10191
10197
10199
10201
10203
10207
10209
10213
10217
10219
10221
10227
10229
10231
10233
10237
10239
10241
10249
10251
10257
10261
10263
10269
10277
10279
10281
10283
10287
10291
10293
10297
10299
10307
10309
10311
10317
10319
10323
10327
10329
10339
10341
10347
10349
10351
10353
10359
10361
10363
10367
10371
10373
10377
10379
10381
10383
10387
10389
10393
10397
10401
10403
10407
10409
10411
10413
10417
10419
10421
10423
10431
10437
10439
10441
10443
10447
10449
10451
10461
10467
10469
10471
10473
10479
10481
10483
10489
10491
10493
10497
10503
10507
10509
10511
10517
10519
10521
10523
10527
10533
10537
10539
10541
10543
10547
10549
10551
10553
10557
10561
10563
10569
10571
10573
10577
10579
10581
10583
10587
10591
10593
10599
10603
10609
10611
10617
10619
10621
10623
10629
10633
10637
10641
10643
10647
10649
10653
10659
10661
10669
10671
10673
10677
10679
10681
10683
10689
10693
10697
10699
10701
10703
10707
10713
10717
10719
10721
10727
10731
10737
10741
10743
10747
10749
10751
10757
10759
10761
10763
10767
10769
10773
10777
10779
10783
10787
10791
10793
10797
10801
10803
10807
10809
10811
10813
10817
10819
10821
10823
10827
10829
10833
10839
10841
10843
10849
10851
10857
10863
10869
10871
10873
10877
10879
10881
10887
10893
10897
10899
10901
10907
10911
10913
10917
10919
10921
10923
10927
10929
10931
10933
10941
10943
10947
10951
10953
10959
10961
10963
10967
10969
10971
10977
10981
10983
10989
10991
10997
10999
11001
11007
11009
11011
11013
11017
11019
11021
11023
11029
11031
11033
11037
11039
11041
11043
11049
11051
11053
11061
11063
11067
11073
11077
11079
11081
11089
11091
11097
11099
11101
11103
11107
11109
11111
11121
11123
11127
11129
11133
11137
11139
11141
11143
11147
11151
11153
11157
11163
11167
11169
11179
11181
11183
11187
11189
11191
11193
11199
11201
11203
11207
11209
11211
11217
11219
11221
11223
11227
11229
11231
11233
11237
11241
11247
11249
11253
11259
11263
11267
11269
11271
11277
11281
11283
11289
11291
11293
11297
11301
11303
11307
11309
11313
11319
11323
11327
11331
11333
11337
11339
11341
11343
11347
11349
11357
11359
11361
11363
11367
11371
11373
11377
11379
11381
11387
11389
11391
11397
11401
11403
11407
11409
11413
11417
11419
11421
11427
11429
11431
11433
11439
11441
11449
11451
11453
11457
11459
11461
11463
11469
11473
11477
11479
11481
11487
11493
11499
11501
11507
11509
11511
11513
11517
11521
11523
11529
11531
11533
11537
11539
11541
11543
11547
11553
11557
11559
11561
11563
11567
11569
11571
11573
11577
11581
11583
11589
11591
11599
11601
11603
11607
11609
11611
11613
11619
11623
11627
11629
11631
11637
11639
11641
11643
11647
11649
11651
11653
11659
11661
11663
11667
11669
11671
11673
11679
11683
11687
11691
11693
11697
11703
11707
11709
11711
11713
11721
11723
11727
11729
11733
11737
11739
11741
11747
11749
11751
11753
11757
11759
11761
11763
11767
11769
11771
11773
11781
11787
11791
11793
11797
11799
11803
11809
11811
11817
11819
11823
11829
11837
11841
11843
11847
11849
11851
11853
11857
11859
11861
11869
11871
11873
11877
11879
11881
11883
11889
11891
11893
11899
11901
11907
11911
11913
11917
11919
11921
11929
11931
11937
11943
11947
11949
11951
11957
11961
11963
11967
11973
11977
11979
11983
11989
11991
11993
11997
11999
12001
12003
12009
12013
12017
12019
12021
12023
12027
12029
12031
12033
12039
12047
12051
12053
12057
12059
12061
12063
12067
12069
12077
12079
12081
12083
12087
12089
12091
12093
12099
12103
12111
12117
12121
12123
12127
12129
12131
12133
12137
12139
12141
12147
12151
12153
12159
12167
12169
12171
12173
12177
12179
12181
12183
12187
12189
12191
12193
12199
12201
12207
12209
12213
12217
12219
12221
12223
12229
12231
12233
12237
12243
12247
12249
12257
12259
12261
12267
12271
12273
12279
12283
12287
12291
12293
12297
12299
12303
12307
12309
12311
12313
12317
12319
12321
12327
12331
12333
12337
12339
12341
12349
12351
12353
12357
12359
12361
12363
12367
12369
12371
12381
12383
12387
12389
12393
12397
12399
12403
12407
12411
12417
12419
12423
12427
12429
12431
12439
12441
12443
12447
12449
12453
12459
12461
12463
12467
12469
12471
12477
12481
12483
12489
12493
12499
12501
12507
12509
12513
12519
12521
12523
12529
12531
12533
12537
12543
12549
12551
12557
12559
12561
12563
12567
12571
12573
12579
12581
12587
12591
12593
12597
12599
12603
12607
12609
12617
12621
12623
12627
12629
12631
12633
12639
12643
12649
12651
12657
12661
12663
12667
12669
12673
12677
12679
12681
12683
12687
12691
12693
12699
12701
12707
12709
12711
12717
12719
12723
12727
12729
12731
12733
12737
12741
12747
12749
12751
12753
12759
12761
12767
12769
12771
12773
12777
12779
12783
12787
12789
12793
12797
12801
12803
12807
12811
12813
12817
12819
12827
12831
12833
12837
12839
12843
12847
12849
12851
12857
12859
12861
12863
12867
12869
12871
12873
12877
12879
12881
12883
12887
12891
12897
12901
12903
12909
12913
12921
12927
12929
12931
12933
12937
12939
12943
12947
12949
12951
12957
12961
12963
12969
12971
12977
12981
12987
12989
12991
12993
12997
12999
13011
13013
13017
13019
13021
13023
13027
13029
13031
13039
13041
13047
13051
13053
13057
13059
13061
13067
13069
13071
13073
13077
13079
13081
13083
13087
13089
13091
13097
13101
13107
13111
13113
13117
13119
13123
13129
13131
13133
13137
13139
13141
13143
13149
13153
13157
13161
13167
13169
13173
13179
13181
13189
13191
13193
13197
13199
13201
13203
13207
13209
13211
13213
13221
13223
13227
13231
13233
13237
13239
13243
13247
13251
13253
13257
13261
13263
13269
13271
13273
13277
13279
13281
13283
13287
13289
13293
13299
13301
13303
13307
13311
13317
13319
13321
13323
13329
13333
13341
13343
13347
13349
13351
13353
13357
13359
13361
13363
13369
13371
13373
13377
13379
13383
13387
13389
13391
13393
13401
13403
13407
13409
13413
13419
13423
13427
13429
13431
13433
13437
13439
13443
13447
13449
13453
13459
13461
13467
13471
13473
13479
13481
13483
13489
13491
13493
13497
13501
13503
13507
13509
13511
13517
13519
13521
13527
13529
13531
13533
13539
13541
13543
13547
13549
13551
13557
13559
13561
13563
13569
13571
13573
13579
13581
13583
13587
13589
13593
13599
13601
13603
13607
13609
13611
13617
13621
13623
13629
13631
13637
13639
13641
13643
13647
13651
13653
13657
13659
13661
13663
13667
13671
13673
13677
13683
13689
13699
13701
13703
13707
13713
13717
13719
13727
13731
13733
13737
13739
13741
13743
13747
13749
13753
13761
13767
13769
13771
13773
13777
13779
13783
13787
13791
13793
13797
13801
13803
13809
13811
13813
13817
13819
13821
13823
13827
13833
13837
13839
13843
13847
13849
13851
13853
13857
13861
13863
13867
13869
13871
13881
13887
13889
13891
13893
13897
13899
13909
13911
13917
13919
13923
13927
13929
13937
13939
13941
13943
13947
13949
13951
13953
13957
13959
13961
13969
13971
13973
13977
13979
13981
13983
13987
13989
13991
13993
14001
14003
14007
14013
14017
14019
14021
14023
14027
14031
14037
14039
14041
14043
14047
14049
14053
14059
14061
14063
14067
14069
14073
14077
14079
14089
14091
14093
14097
14099
14101
14103
14109
14111
14113
14117
14119
14121
14123
14127
14129
14131
14133
14137
14139
14141
14147
14151
14157
14161
14163
14167
14169
14171
14179
14181
14183
14187
14189
14191
14193
14199
14201
14203
14209
14211
14213
14217
14219
14223
14227
14229
14231
14233
14237
14239
14241
14247
14253
14257
14259
14261
14263
14267
14269
14271
14273
14277
14279
14283
14287
14289
14291
14297
14299
14301
14307
14309
14311
14313
14317
14319
14329
14331
14333
14337
14339
14343
14349
14351
14353
14357
14359
14361
14363
14367
14371
14373
14377
14379
14381
14383
14391
14393
14397
14399
14403
14409
14413
14417
14421
14427
14429
14433
14439
14441
14443
14451
14453
14457
14459
14463
14467
14469
14471
14473
14477
14481
14483
14487
14491
14493
14497
14499
14501
14507
14509
14511
14513
14517
14521
14523
14527
14529
14531
14539
14541
14547
14553
14559
14567
14569
14571
14573
14577
14579
14581
14583
14587
14589
14597
14599
14601
14603
14607
14609
14611
14613
14617
14619
14623
14631
14637
14641
14643
14647
14649
14651
14659
14661
14663
14667
14671
14673
14677
14679
14681
14687
14689
14691
14693
14697
14701
14703
14707
14709
14711
14719
14721
14727
14729
14733
14739
14743
14749
14751
14757
14761
14763
14769
14773
14777
14781
14787
14789
14791
14793
14799
14801
14803
14807
14809
14811
14817
14819
14823
14829
14833
14837
14839
14841
14847
14849
14853
14857
14859
14861
14863
14871
14873
14877
14881
14883
14889
14893
14899
14901
14903
14907
14909
14911
14913
14917
14919
14921
14927
14931
14933
14937
14941
14943
14949
14953
14959
14961
14963
14967
14971
14973
14977
14979
14981
14987
14989
14991
14993
14997
14999
15001
15003
15007
15009
15011
15019
15021
15023
15027
15029
15033
15037
15039
15041
15043
15047
15049
15051
15057
15059
15063
15067
15069
15071
15079
15081
15087
15089
15093
15097
15099
15103
15109
15111
15113
15117
15119
15123
15127
15129
15133
15141
15143
15147
15151
15153
15157
15159
15163
15167
15169
15171
15177
15179
15181
15183
15189
15191
15197
15201
15203
15207
15209
15211
15213
15219
15221
15223
15229
15231
15237
15239
15243
15247
15249
15251
15253
15257
15261
15267
15273
15279
15281
15283
15291
15293
15297
15301
15303
15309
15311
15317
15321
15323
15327
15333
15337
15339
15341
15343
15347
15351
15353
15357
15363
15367
15369
15371
15379
15381
15387
15389
15393
15397
15399
15403
15407
15409
15411
15417
15419
15421
15423
15429
15431
15433
15437
15441
15447
15449
15453
15457
15459
15463
15469
15471
15477
15479
15481
15483
15487
15489
15491
15499
15501
15503
15507
15509
15513
15517
15519
15521
15523
15529
15531
15533
15537
15539
15543
15547
15549
15553
15557
15561
15563
15567
15571
15573
15577
15579
15587
15589
15591
15593
15597
15599
15603
15609
15611
15613
15617
15621
15623
15627
15631
15633
15637
15639
15651
15653
15657
15659
15663
15669
15673
15677
15681
15687
15689
15691
15693
15697
15699
15701
15703
15707
15709
15711
15713
15717
15719
15721
15723
15729
15741
15743
15747
15751
15753
15757
15759
15763
15769
15771
15777
15779
15781
15783
15789
15793
15799
15801
15807
15811
15813
15819
15821
15827
15829
15831
15833
15837
15839
15841
15843
15847
15849
15851
15853
15857
15861
15863
15867
15869
15871
15873
15879
15883
15891
15893
15897
15899
15903
15909
15911
15917
15921
15927
15929
15931
15933
15939
15941
15943
15947
15949
15951
15953
15957
15961
15963
15967
15969
15977
15979
15981
15983
15987
15989
15993
15997
15999
16003
16009
16011
16013
16017
16019
16021
16023
16027
16029
16031
16037
16039
16041
16043
16047
16049
16051
16053
16059
16071
16077
16079
16081
16083
16089
16093
16099
16101
16107
16109
16113
16117
16119
16121
16123
16129
16131
16133
16137
16143
16147
16149
16151
16153
16157
16159
16161
16163
16167
16169
16171
16173
16177
16179
16181
16191
16197
16199
16201
16203
16207
16209
16211
16213
16219
16221
16227
16233
16237
16239
16241
16243
16247
16251
16257
16259
16261
16263
16269
16271
16277
16279
16281
16283
16287
16289
16291
16293
16297
16299
16303
16307
16309
16311
16313
16317
16321
16323
16327
16329
16331
16337
16341
16343
16347
16351
16353
16357
16359
16367
16371
16373
16377
16379
16383
16387
16389
16391
16393
16397
16399
16401
16403
16407
16409
16413
16419
16423
16429
16431
16437
16439
16441
16443
16449
16457
16459
16461
16463
16467
16469
16471
16473
16479
16483
16489
16491
16497
16499
16501
16503
16507
16509
16511
16513
16517
16521
16523
16527
16531
16533
16537
16539
16541
16543
16549
16551
16557
16559
16563
16569
16571
16577
16579
16581
16583
16587
16589
16591
16593
16597
16599
16601
16609
16611
16613
16617
16621
16623
16627
16629
16637
16639
16641
16643
16647
16653
16659
16663
16667
16669
16671
16677
16679
16681
16683
16687
16689
16697
16701
16707
16709
16711
16713
16717
16719
16721
16723
16727
16731
16733
16737
16739
16743
16749
16751
16753
16757
16761
16767
16769
16771
16773
16777
16779
16781
16783
16789
16791
16793
16797
16799
16801
16803
16807
16809
16813
16817
16819
16821
16827
16833
16837
16839
16841
16847
16849
16851
16853
16857
16859
16861
16863
16867
16869
16873
16877
16881
16887
16891
16893
16897
16899
16907
16909
16911
16913
16917
16919
16923
16929
16933
16939
16941
16947
16949
16951
16953
16957
16959
16961
16967
16969
16971
16973
16977
16983
16989
16991
16997
16999
17001
17003
17007
17009
17013
17017
17019
17023
17031
17037
17039
17043
17049
17051
17057
17059
17061
17063
17067
17069
17071
17073
17079
17081
17083
17087
17089
17091
17097
17101
17103
17109
17111
17113
17119
17121
17127
17129
17131
17133
17139
17141
17143
17147
17149
17151
17153
17157
17161
17163
17169
17171
17173
17177
17179
17181
17187
17193
17197
17199
17201
17211
17213
17217
17219
17221
17223
17227
17229
17233
17237
17241
17243
17247
17249
17251
17253
17259
17261
17263
17267
17269
17271
17273
17277
17279
17281
17283
17287
17289
17297
17301
17303
17307
17309
17311
17313
17319
17323
17329
17331
17337
17339
17343
17347
17349
17353
17357
17361
17363
17367
17369
17371
17373
17379
17381
17391
17397
17399
17403
17407
17409
17411
17413
17421
17423
17427
17429
17433
17437
17439
17441
17447
17451
17453
17457
17459
17461
17463
17469
17473
17479
17481
17487
17493
17499
17501
17503
17507
17511
17513
17517
17521
17523
17527
17529
17531
17533
17537
17541
17543
17547
17549
17553
17557
17559
17561
17563
17567
17571
17577
17583
17587
17589
17591
17593
17601
17603
17607
17611
17613
17617
17619
17621
17629
17631
17633
17637
17639
17641
17643
17647
17649
17651
17653
17661
17663
17667
17671
17673
17677
17679
17687
17689
17691
17693
17697
17699
17701
17703
17709
17711
17717
17719
17721
17723
17727
17731
17733
17739
17741
17743
17751
17753
17757
17759
17763
17767
17769
17771
17773
17777
17779
17781
17787
17793
17797
17799
17801
17803
17809
17811
17813
17817
17819
17821
17823
17829
17831
17833
17841
17843
17847
17849
17853
17857
17859
17861
17867
17869
17871
17873
17877
17879
17883
17887
17889
17893
17897
17899
17901
17907
17913
17917
17919
17927
17931
17933
17937
17941
17943
17947
17949
17951
17953
17961
17963
17967
17969
17973
17979
17983
17991
17993
17997
17999
18001
18003
18007
18009
18011
18017
18019
18021
18023
18027
18029
18031
18033
18037
18039
18051
18053
18057
18063
18067
18069
18071
18073
18079
18081
18083
18087
18091
18093
18099
18101
18103
18107
18109
18111
18113
18117
18123
18129
18137
18139
18141
18147
18151
18153
18157
18159
18161
18163
18167
18171
18173
18177
18179
18183
18187
18189
18193
18197
18201
18203
18207
18209
18213
18219
18221
18227
18231
18237
18239
18241
18243
18247
18249
18259
18261
18263
18267
18271
18273
18277
18279
18281
18283
18291
18293
18297
18299
18303
18309
18317
18319
18321
18323
18327
18331
18333
18337
18339
18343
18347
18349
18351
18357
18359
18361
18363
18369
18373
18377
18381
18383
18387
18389
18391
18393
18399
18403
18407
18409
18411
18417
18419
18421
18423
18429
18431
18437
18441
18447
18449
18453
18459
18463
18467
18469
18471
18473
18477
18479
18483
18487
18489
18491
18497
18499
18501
18507
18509
18511
18513
18519
18527
18529
18531
18533
18537
18543
18547
18549
18551
18557
18559
18561
18563
18567
18569
18571
18573
18577
18579
18581
18589
18591
18597
18599
18601
18603
18607
18609
18611
18613
18619
18621
18623
18627
18629
18631
18633
18639
18641
18643
18647
18649
18651
18653
18657
18659
18663
18667
18669
18673
18677
18681
18683
18687
18689
18693
18697
18699
18703
18707
18709
18711
18717
18721
18723
18727
18729
18733
18737
18739
18741
18747
18751
18753
18759
18761
18763
18767
18769
18771
18777
18779
18781
18783
18789
18791
18799
18801
18807
18809
18811
18813
18817
18819
18821
18823
18827
18829
18831
18833
18837
18841
18843
18847
18849
18851
18853
18857
18861
18863
18867
18871
18873
18877
18879
18881
18883
18887
18889
18891
18893
18897
18901
18903
18907
18909
18921
18923
18927
18929
18931
18933
18937
18939
18941
18943
18949
18951
18953
18957
18961
18963
18967
18969
18971
18977
18981
18983
18987
18989
18991
18993
18997
18999
19003
19007
19011
19017
19019
19021
19023
19027
19029
19033
19039
19041
19043
19047
19049
19053
19057
19059
19061
19063
19067
19071
19077
19083
19089
19091
19093
19097
19099
19101
19103
19107
19109
19111
19113
19117
19119
19123
19127
19129
19131
19133
19137
19143
19147
19149
19151
19153
19159
19161
19167
19169
19171
19173
19177
19179
19187
19189
19191
19193
19197
19199
19201
19203
19209
19217
19221
19223
19227
19229
19233
19239
19241
19243
19247
19251
19253
19257
19261
19263
19269
19271
19277
19279
19281
19283
19287
19291
19293
19297
19299
19303
19307
19311
19313
19317
19321
19323
19327
19329
19331
19337
19339
19341
19343
19347
19349
19351
19353
19357
19359
19361
19363
19367
19369
19371
19377
19383
19389
19393
19397
19399
19401
19407
19409
19411
19413
19419
19431
19437
19439
19443
19449
19451
19453
19459
19461
19467
19473
19479
19481
19487
19491
19493
19497
19499
19503
19509
19511
19513
19517
19519
19521
19523
19527
19529
19533
19537
19539
19547
19549
19551
19557
19561
19563
19567
19569
19573
19579
19581
19587
19589
19591
19593
19599
19601
19607
19611
19613
19617
19619
19621
19623
19627
19629
19631
19633
19637
19639
19641
19643
19647
19649
19651
19653
19657
19659
19663
19667
19669
19671
19673
19677
19679
19683
19689
19691
19693
19701
19703
19707
19711
19713
19719
19721
19723
19729
19731
19733
19737
19741
19743
19747
19749
19757
19761
19767
19769
19771
19773
19779
19781
19783
19787
19789
19791
19797
19799
19803
19807
19809
19811
19817
19821
19823
19827
19829
19831
19833
19837
19839
19847
19849
19851
19857
19859
19863
19869
19871
19873
19877
19879
19881
19883
19887
19893
19897
19899
19901
19903
19907
19909
19911
19917
19921
19923
19929
19931
19933
19939
19941
19943
19947
19951
19953
19957
19959
19967
19969
19971
19977
19981
19983
19987
19989
19999
20001
20003
20007
20009
20013
20017
20019
20027
20031
20033
20037
20039
20041
20043
20049
20053
20057
20059
20061
20067
20069
20073
20077
20079
20081
20083
20087
20091
20093
20097
20099
20103
20109
20111
20119
20121
20127
20131
20133
20137
20139
20141
20151
20153
20157
20159
20163
20167
20169
20171
20179
20181
20187
20189
20191
20193
20197
20199
20203
20207
20209
20211
20213
20217
20221
20223
20227
20229
20237
20239
20241
20243
20247
20251
20253
20257
20259
20263
20267
20271
20273
20277
20279
20281
20283
20289
20291
20293
20299
20301
20303
20307
20309
20311
20313
20317
20319
20321
20329
20331
20337
20339
20343
20349
20351
20361
20363
20367
20371
20373
20377
20379
20381
20383
20387
20391
20397
20401
20403
20409
20413
20417
20419
20421
20423
20427
20429
20433
20437
20439
20447
20449
20451
20453
20457
20459
20461
20463
20467
20469
20471
20473
20481
20487
20489
20491
20493
20497
20499
20501
20503
20511
20513
20517
20519
20523
20527
20529
20531
20537
20539
20541
20547
20553
20557
20559
20561
20567
20569
20571
20573
20577
20579
20581
20583
20587
20589
20591
20597
20601
20603
20607
20609
20613
20617
20619
20621
20623
20629
20631
20633
20637
20643
20647
20649
20651
20653
20657
20659
20661
20667
20669
20671
20673
20677
20679
20683
20687
20689
20691
20697
20699
20701
20703
20709
20711
20713
20721
20723
20727
20729
20733
20737
20739
20741
20751
20757
20761
20763
20767
20769
20777
20779
20781
20783
20787
20791
20793
20797
20799
20801
20803
20811
20813
20817
20819
20821
20823
20827
20829
20831
20833
20837
20839
20841
20843
20847
20851
20853
20859
20861
20863
20867
20869
20871
20877
20881
20883
20889
20891
20893
20901
20907
20909
20911
20913
20917
20919
20923
20927
20931
20933
20937
20941
20943
20949
20951
20953
20957
20961
20967
20969
20971
20973
20977
20979
20987
20989
20991
20993
20997
20999
21003
21007
21009
21021
21027
21029
21033
21037
21039
21041
21043
21047
21049
21051
21053
21057
21063
21069
21071
21073
21077
21079
21081
21083
21087
21091
21093
21097
21099
21103
21109
21111
21113
21117
21119
21123
21127
21129
21131
21133
21137
21141
21147
21151
21153
21159
21161
21167
21171
21173
21177
21181
21183
21189
21197
21199
21201
21203
21207
21209
21213
21217
21219
21223
21229
21231
21233
21237
21239
21241
21243
21249
21251
21253
21257
21259
21261
21263
21267
21271
21273
21279
21281
21287
21289
21291
21293
21297
21299
21301
21303
21307
21309
21311
21321
21327
21329
21331
21333
21337
21339
21343
21349
21351
21353
21357
21359
21361
21363
21367
21369
21371
21373
21381
21387
21389
21393
21399
21403
21409
21411
21413
21417
21421
21423
21427
21429
21431
21437
21439
21441
21443
21447
21449
21451
21453
21457
21459
21461
21463
21469
21471
21473
21477
21479
21483
21489
21497
21501
21507
21509
21511
21513
21519
21527
21531
21533
21537
21539
21541
21543
21547
21549
21551
21553
21561
21567
21571
21573
21579
21581
21583
21591
21593
21597
21603
21607
21609
21619
21621
21623
21627
21629
21631
21633
21637
21639
21641
21643
21651
21653
21657
21659
21663
21667
21669
21671
21677
21679
21681
21687
21689
21691
21693
21697
21699
21703
21707
21709
21711
21717
21719
21721
21723
21729
21731
21733
21741
21743
21747
21749
21753
21759
21761
21763
21769
21771
21777
21779
21781
21783
21789
21791
21793
21797
21801
21807
21809
21811
21813
21819
21823
21827
21829
21831
21833
21837
21843
21847
21849
21853
21857
21861
21867
21869
21873
21877
21879
21883
21887
21889
21891
21897
21899
21901
21903
21907
21909
21913
21917
21919
21921
21923
21927
21931
21933
21939
21941
21947
21949
21951
21953
21957
21959
21963
21967
21969
21971
21973
21979
21981
21983
21987
21989
21993
21999
22001
22007
22009
22011
22017
22019
22021
22023
22029
22033
22041
22043
22047
22049
22053
22057
22059
22061
22069
22071
22077
22081
22083
22087
22089
22097
22099
22101
22103
22107
22113
22117
22119
22121
22127
22131
22137
22139
22141
22143
22149
22151
22161
22163
22167
22169
22173
22177
22179
22181
22183
22187
22191
22197
22199
22201
22203
22207
22209
22211
22213
22217
22219
22221
22223
22227
22231
22233
22237
22239
22241
22243
22249
22251
22253
22257
22261
22263
22267
22269
22281
22287
22289
22293
22297
22299
22301
22309
22311
22313
22317
22319
22321
22323
22327
22329
22331
22333
22337
22339
22341
22347
22351
22353
22357
22359
22361
22363
22371
22373
22377
22379
22383
22387
22389
22393
22399
22401
22403
22407
22411
22413
22417
22419
22421
22423
22427
22429
22431
22437
22439
22443
22449
22451
22457
22459
22461
22463
22467
22471
22473
22477
22479
22487
22489
22491
22493
22497
22499
22503
22507
22509
22513
22517
22519
22521
22523
22527
22529
22533
22537
22539
22547
22551
22553
22557
22559
22561
22563
22569
22577
22579
22581
22583
22587
22589
22591
22593
22597
22599
22601
22603
22607
22609
22611
22617
22623
22627
22629
22631
22633
22641
22647
22649
22653
22657
22659
22661
22663
22667
22671
22673
22677
22681
22683
22687
22689
22693
22701
22703
22707
22711
22713
22719
22723
22729
22731
22733
22737
22743
22747
22749
22753
22757
22759
22761
22763
22767
22771
22773
22779
22781
22789
22791
22793
22797
22799
22801
22803
22809
22813
22819
22821
22823
22827
22829
22831
22833
22837
22839
22841
22843
22847
22849
22851
22857
22863
22867
22869
22873
22879
22881
22883
22887
22889
22891
22893
22897
22899
22903
22909
22911
22913
22917
22919
22923
22927
22929
22931
22933
22939
22941
22947
22949
22951
22953
22957
22959
22967
22969
22971
22977
22979
22981
22983
22987
22989
22991
22997
22999
23001
23007
23009
23013
23019
23023
23031
23033
23037
23043
23047
23049
23051
23061
23067
23069
23073
23077
23079
23083
23089
23091
23093
23097
23101
23103
23107
23109
23111
23113
23119
23121
23123
23127
23129
23133
23137
23139
23141
23147
23149
23151
23153
23157
23161
23163
23169
23171
23177
23179
23181
23183
23187
23191
23193
23199
23207
23211
23213
23217
23219
23221
23223
23229
23231
23233
23237
23239
23241
23243
23247
23249
23253
23257
23259
23261
23263
23267
23271
23273
23277
23281
23283
23287
23289
23299
23301
23303
23307
23309
23313
23317
23319
23323
23329
23331
23337
23341
23343
23347
23349
23351
23353
23359
23361
23363
23367
23373
23377
23379
23381
23383
23387
23389
23391
23393
23397
23401
23403
23407
23409
23411
23413
23419
23421
23423
23427
23429
23433
23437
23439
23441
23443
23449
23451
23453
23457
23461
23463
23467
23469
23471
23477
23479
23481
23483
23487
23489
23491
23493
23499
23501
23503
23507
23511
23513
23517
23519
23521
23523
23527
23529
23533
23541
23543
23547
23551
23553
23559
23569
23571
23573
23577
23579
23583
23587
23589
23591
23597
23601
23607
23611
23613
23617
23619
23621
23631
23637
23639
23641
23643
23647
23649
23651
23653
23657
23659
23661
23667
23673
23679
23681
23683
23691
23693
23697
23699
23701
23703
23707
23709
23711
23713
23717
23721
23723
23727
23729
23731
23733
23737
23739
23749
23751
23757
23759
23763
23769
23771
23777
23779
23781
23783
23787
23791
23793
23797
23799
23803
23807
23809
23811
23817
23821
23823
23829
23837
23839
23841
23843
23847
23849
23851
23853
23859
23861
23863
23867
23871
23877
23881
23883
23889
23891
23897
23901
23903
23907
23913
23919
23921
23923
23927
23931
23933
23937
23939
23941
23943
23947
23949
23951
23953
23959
23961
23963
23967
23969
23973
23979
23983
23987
23989
23991
23997
23999
24003
24009
24011
24013
24017
24021
24027
24031
24033
24037
24039
24041
24047
24051
24053
24057
24059
24063
24067
24069
24073
24079
24081
24087
24089
24093
24099
24101
24111
24117
24119
24123
24127
24129
24131
24139
24141
24143
24147
24149
24153
24157
24159
24161
24163
24167
24171
24173
24177
24183
24187
24189
24191
24193
24199
24201
24207
24209
24211
24213
24217
24219
24221
24227
24231
24233
24237
24241
24243
24249
24253
24257
24259
24261
24263
24267
24269
24271
24273
24277
24279
24283
24287
24289
24291
24293
24297
24299
24301
24303
24307
24309
24311
24313
24319
24321
24323
24327
24331
24333
24339
24341
24343
24347
24349
24351
24353
24357
24361
24363
24367
24369
24377
24381
24383
24387
24389
24393
24397
24399
24401
24403
24409
24411
24417
24423
24427
24429
24431
24433
24437
24441
24447
24449
24451
24453
24457
24459
24461
24463
24467
24471
24477
24479
24483
24487
24489
24491
24493
24497
24501
24503
24507
24511
24513
24519
24521
24523
24529
24531
24537
24539
24541
24543
24549
24553
24557
24559
24561
24563
24567
24569
24573
24577
24579
24581
24583
24587
24589
24591
24597
24599
24601
24603
24607
24609
24613
24617
24619
24621
24627
24629
24633
24637
24639
24641
24643
24647
24649
24651
24653
24657
24661
24663
24667
24669
24673
24679
24681
24687
24689
24693
24699
24701
24703
24707
24711
24713
24717
24719
24721
24723
24727
24729
24731
24737
24739
24741
24743
24747
24751
24753
24757
24759
24761
24769
24771
24773
24777
24779
24783
24787
24789
24791
24797
24801
24803
24807
24811
24813
24817
24819
24823
24827
24829
24831
24833
24837
24839
24843
24849
24853
24857
24861
24863
24867
24869
24871
24873
24879
24881
24883
24887
24891
24893
24897
24899
24901
24903
24909
24911
24913
24921
24927
24929
24931
24933
24937
24939
24941
24947
24949
24951
24957
24959
24961
24963
24969
24973
24981
24983
24987
24991
24993
24997
24999
25001
25003
25007
25009
25011
25017
25019
25021
25023
25027
25029
25039
25041
25043
25047
25049
25051
25053
25059
25061
25063
25067
25069
25071
25077
25079
25081
25083
25089
25091
25093
25099
25101
25103
25107
25109
25113
25119
25123
25129
25131
25133
25137
25139
25141
25143
25149
25151
25157
25159
25161
25167
25173
25177
25179
25181
25187
25191
25193
25197
25199
25201
25203
25207
25209
25211
25213
25217
25221
25223
25227
25231
25233
25239
25241
25249
25251
25257
25259
25263
25267
25269
25271
25273
25277
25279
25281
25283
25287
25289
25291
25293
25297
25299
25311
25313
25317
25319
25323
25327
25329
25331
25333
25337
25341
25347
25351
25353
25359
25361
25363
25369
25371
25377
25379
25381
25383
25387
25389
25393
25397
25399
25401
25403
25407
25413
25417
25419
25421
25427
25429
25431
25433
25437
25441
25443
25449
25451
25459
25461
25467
25473
25477
25479
25481
25483
25487
25489
25491
25493
25497
25499
25501
25503
25507
25509
25511
25513
25517
25519
25521
25527
25529
25531
25533
25539
25543
25547
25549
25551
25553
25557
25559
25563
25567
25569
25571
25573
25581
25587
25591
25593
25597
25599
25607
25611
25613
25617
25619
25623
25627
25629
25631
25637
25641
25647
25649
25651
25653
25659
25661
25663
25669
25671
25677
25681
25683
25687
25689
25691
25697
25699
25701
25707
25709
25711
25713
25719
25721
25723
25727
25729
25731
25737
25739
25743
25749
25751
25753
25757
25761
25767
25769
25773
25777
25779
25781
25783
25787
25789
25791
25797
25803
25807
25809
25811
25813
25817
25821
25823
25827
25829
25831
25833
25837
25839
25843
25851
25853
25857
25859
25861
25863
25869
25871
25877
25879
25881
25883
25887
25891
25893
25897
25899
25901
25907
25909
25911
25917
25921
25923
25927
25929
25937
25941
25947
25949
25953
25957
25959
25961
25963
25967
25971
25973
25977
25979
25983
25987
25989
25991
25993
26001
26007
26009
26011
26013
26019
26023
26027
26031
26033
26037
26039
26043
26047
26049
26051
26057
26059
26061
26063
26067
26069
26071
26073
26077
26079
26081
26087
26089
26091
26093
26097
26101
26103
26109
26117
26121
26123
26127
26129
26131
26133
26137
26139
26143
26147
26149
26151
26157
26159
26163
26167
26169
26173
26179
26181
26187
26191
26193
26197
26199
26201
26207
26211
26213
26217
26219
26221
26223
26229
26231
26233
26239
26241
26243
26247
26253
26257
26259
26269
26271
26273
26277
26279
26281
26283
26287
26289
26291
26299
26301
26303
26307
26311
26313
26319
26323
26327
26329
26331
26333
26337
26341
26343
26349
26351
26353
26359
26361
26363
26367
26369
26373
26377
26379
26381
26383
26389
26391
26397
26401
26403
26409
26411
26413
26419
26421
26427
26429
26433
26439
26441
26443
26447
26451
26453
26457
26461
26463
26467
26469
26471
26473
26477
26481
26483
26487
26491
26493
26499
26503
26507
26509
26511
26517
26519
26521
26523
26527
26529
26531
26533
26537
26541
26543
26547
26549
26551
26553
26559
26563
26567
26569
26571
26577
26579
26581
26583
26587
26589
26593
26599
26601
26603
26607
26609
26611
26613
26617
26619
26621
26623
26629
26631
26637
26639
26643
26649
26651
26653
26657
26659
26661
26663
26667
26671
26673
26677
26679
26689
26691
26697
26703
26707
26709
26719
26721
26727
26733
26739
26741
26743
26747
26749
26751
26753
26757
26761
26763
26767
26769
26771
26773
26779
26781
26787
26789
26791
26793
26797
26799
26803
26807
26809
26811
26817
26819
26823
26827
26829
26831
26837
26841
26843
26847
26851
26853
26857
26859
26867
26869
26871
26873
26877
26883
26887
26889
26897
26899
26901
26907
26909
26911
26913
26917
26919
26923
26929
26931
26933
26937
26939
26941
26943
26949
26957
26961
26963
26967
26969
26971
26973
26977
26979
26983
26989
26991
26997
26999
27001
27003
27007
27009
27013
27019
27021
27023
27027
27029
27033
27037
27039
27041
27047
27049
27051
27053
27057
27063
27069
27071
27079
27081
27083
27087
27089
27093
27097
27099
27101
27111
27113
27117
27119
27121
27123
27129
27131
27133
27137
27139
27141
27147
27149
27151
27153
27157
27159
27161
27163
27167
27169
27171
27173
27177
27181
27183
27187
27189
27193
27199
27201
27203
27207
27209
27213
27217
27219
27221
27223
27227
27229
27231
27233
27237
27243
27247
27249
27251
27257
27261
27263
27267
27269
27273
27279
27287
27289
27291
27293
27297
27301
27303
27307
27309
27311
27313
27317
27319
27321
27323
27327
27331
27333
27339
27341
27343
27347
27349
27351
27353
27357
27359
27363
27369
27371
27373
27377
27379
27381
27383
27387
27389
27391
27393
27399
27401
27403
27411
27413
27417
27419
27421
27423
27429
27433
27439
27441
27443
27447
27451
27453
27459
27461
27463
27467
27469
27471
27473
27477
27483
27489
27491
27493
27497
27499
27501
27503
27507
27511
27513
27517
27519
27521
27523
27531
27533
27537
27543
27547
27549
27553
27557
27559
27561
27563
27567
27569
27571
27573
27577
27579
27587
27589
27591
27593
27597
27599
27601
27603
27607
27609
27613
27619
27621
27623
27627
27629
27633
27637
27639
27641
27643
27649
27651
27657
27659
27661
27663
27667
27669
27671
27677
27679
27681
27683
27687
27693
27699
27703
27707
27709
27711
27713
27717
27719
27721
27723
27727
27729
27731
27741
27747
27753
27757
27759
27761
27769
27771
27777
27781
27783
27787
27789
27797
27801
27807
27811
27813
27819
27821
27829
27831
27833
27837
27839
27841
27843
27849
27853
27857
27859
27861
27863
27867
27869
27871
27873
27877
27879
27881
27887
27889
27891
27897
27899
27903
27907
27909
27911
27913
27921
27923
27927
27929
27931
27933
27937
27939
27949
27951
27957
27959
27963
27969
27971
27973
27977
27979
27981
27987
27989
27991
27993
27999
28003
28007
28009
28011
28013
28017
28021
28023
28029
28033
28037
28039
28041
28043
28047
28049
28053
28059
28061
28063
28067
28071
28073
28077
28079
28083
28089
28091
28093
28101
28103
28107
28113
28117
28119
28121
28127
28129
28131
28133
28137
28139
28141
28143
28147
28149
28153
28157
28159
28161
28167
28169
28171
28173
28177
28179
28187
28189
28191
28193
28197
28199
28203
28207
28209
28213
28217
28221
28223
28227
28231
28233
28237
28239
28241
28243
28247
28249
28251
28253
28257
28259
28261
28263
28267
28269
28271
28273
28281
28287
28291
28293
28299
28301
28303
28311
28313
28317
28321
28323
28327
28329
28331
28333
28337
28339
28341
28343
28347
28353
28357
28359
28361
28363
28367
28369
28371
28373
28377
28379
28381
28383
28389
28391
28397
28399
28401
28407
28413
28417
28419
28421
28423
28427
28431
28437
28441
28443
28449
28451
28453
28457
28459
28461
28467
28469
28471
28473
28479
28481
28483
28487
28489
28491
28497
28501
28503
28507
28509
28511
28519
28521
28523
28527
28529
28531
28533
28539
28543
28551
28553
28557
28561
28563
28567
28569
28577
28581
28583
28587
28589
28593
28599
28601
28609
28611
28613
28617
28623
28629
28633
28637
28639
28641
28647
28651
28653
28659
28667
28671
28673
28677
28679
28681
28683
28689
28691
28693
28699
28701
28707
28709
28713
28717
28719
28721
28727
28731
28733
28737
28739
28741
28743
28747
28749
28757
28761
28763
28767
28769
28773
28777
28779
28781
28783
28787
28791
28797
28799
28801
28803
28809
28811
28819
28821
28823
28827
28829
28831
28833
28839
28841
28847
28849
28851
28853
28857
28861
28863
28869
28873
28877
28881
28883
28887
28889
28891
28893
28897
28899
28903
28907
28911
28913
28917
28919
28923
28929
28931
28937
28939
28941
28943
28947
28951
28953
28957
28959
28963
28967
28969
28971
28973
28977
28981
28983
28987
28989
28991
28993
28997
28999
29001
29003
29007
29011
29013
29019
29029
29031
29037
29039
29041
29043
29047
29049
29051
29053
29057
29061
29067
29069
29071
29073
29079
29081
29083
29087
29089
29091
29093
29097
29099
29103
29107
29109
29111
29113
29117
29119
29121
29127
29133
29139
29141
29143
29149
29151
29157
29159
29161
29163
29169
29171
29177
29181
29183
29187
29189
29193
29197
29199
29203
29211
29213
29217
29219
29223
29227
29229
29233
29237
29239
29241
29247
29249
29253
29257
29259
29261
29263
29267
29271
29273
29277
29279
29281
29283
29289
29291
29293
29299
29301
29307
29309
29313
29317
29319
29321
29323
29329
29331
29337
29341
29343
29349
29351
29353
29357
29359
29361
29367
29369
29371
29373
29377
29379
29381
29391
29393
29397
29403
29407
29409
29413
29417
29419
29421
29427
29431
29433
29439
29441
29447
29449
29451
29457
29459
29461
29463
29467
29469
29471
29477
29479
29481
29487
29489
29491
29493
29497
29499
29503
29507
29509
29511
29513
29517
29519
29521
29523
29529
29533
29539
29541
29543
29547
29549
29551
29553
29557
29559
29561
29563
29571
29577
29579
29583
29589
29591
29593
29597
29601
29603
29607
29609
29613
29617
29619
29621
29623
29627
29631
29637
29639
29643
29647
29649
29651
29653
29657
29659
29661
29667
29673
29677
29679
29681
29687
29689
29691
29693
29697
29699
29701
29703
29707
29709
29711
29713
29719
29721
29727
29729
29731
29733
29737
29739
29743
29747
29749
29751
29757
29763
29767
29769
29771
29773
29777
29779
29781
29783
29787
29791
29793
29797
29799
29801
29807
29809
29811
29813
29817
29821
29823
29827
29829
29831
29839
29841
29843
29847
29849
29853
29857
29859
29861
29869
29871
29877
29883
29887
29889
29891
29893
29897
29899
29901
29903
29907
29909
29911
29913
29919
29923
29929
29931
29933
29937
29939
29941
29943
29949
29951
29953
29957
29961
29963
29967
29969
29971
29973
29977
29979
29981
29987
29991
29993
29997
29999
30001
30003
30007
30009
30017
30019
30021
30023
30027
30031
30033
30037
30039
30041
30043
30049
30051
30053
30057
30061
30063
30067
30069
30073
30077
30079
30081
30083
30087
30093
30099
30101
30107
30111
30117
30121
30123
30127
30129
30131
30141
30143
30147
30149
30151
30153
30157
30159
30163
30167
30171
30173
30177
30179
30183
30189
30191
30193
30199
30201
30207
30209
30213
30217
30219
30221
30227
30229
30231
30233
30237
30239
30243
30247
30249
30251
30257
30261
30263
30267
30273
30277
30279
30281
30283
30287
30289
30291
30297
30299
30301
30303
30309
30311
30317
30321
30327
30329
30331
30333
30337
30339
30343
30349
30351
30353
30357
30359
30361
30363
30369
30371
30373
30377
30379
30381
30383
30387
30393
30397
30399
30401
30407
30409
30411
30413
30417
30419
30421
30423
30429
30433
30437
30439
30441
30443
30447
30451
30453
30457
30459
30461
30463
30471
30473
30477
30479
30481
30483
30487
30489
30499
30501
30503
30507
30511
30513
30519
30521
30523
30527
30531
30533
30537
30541
30543
30547
30549
30551
30561
30563
30567
30569
30571
30573
30579
30581
30583
30587
30589
30591
30597
30599
30601
30603
30607
30609
30611
30613
30617
30619
30621
30623
30627
30629
30633
30639
30641
30647
30651
30653
30657
30659
30663
30667
30669
30673
30679
30681
30683
30687
30691
30693
30699
30701
30709
30711
30717
30719
30721
30723
30729
30731
30733
30737
30739
30741
30743
30747
30749
30751
30753
30759
30761
30767
30769
30771
30777
30779
30783
30787
30789
30791
30793
30797
30799
30801
30807
30811
30813
30819
30821
30823
30827
30831
30833
30837
30843
30847
30849
30857
30861
30863
30867
30873
30877
30879
30883
30887
30889
30891
30897
30899
30901
30903
30907
30909
30913
30917
30919
30921
30923
30927
30929
30933
30939
30943
30947
30951
30953
30957
30959
30961
30963
30967
30969
30973
30979
30981
30987
30989
30991
30993
30997
30999
31001
31003
31007
31009
31011
31017
31021
31023
31027
31029
31031
31037
31041
31043
31047
31049
31053
31057
31059
31061
31067
31071
31073
31077
31083
31087
31089
31093
31097
31099
31101
31103
31107
31109
31111
31113
31117
31119
31127
31129
31131
31133
31137
31141
31143
31149
31157
31161
31163
31167
31169
31171
31173
31179
31187
31191
31197
31199
31201
31203
31207
31209
31211
31213
31217
31221
31227
31229
31233
31239
31241
31243
31251
31257
31261
31263
31269
31273
31279
31281
31283
31287
31289
31291
31293
31297
31299
31301
31303
31309
31311
31313
31317
31323
31329
31331
31339
31341
31343
31347
31349
31351
31353
31359
31361
31363
31367
31369
31371
31373
31377
31381
31383
31389
31399
31401
31403
31407
31409
31411
31413
31417
31419
31421
31423
31427
31429
31431
31433
31437
31439
31441
31443
31447
31449
31451
31453
31457
31459
31461
31463
31467
31471
31473
31479
31483
31487
31491
31493
31497
31499
31501
31503
31507
31509
31519
31521
31523
31527
31529
31533
31537
31539
31549
31551
31553
31557
31559
31561
31563
31569
31571
31577
31579
31581
31587
31589
31591
31593
31597
31599
31603
31609
31611
31613
31617
31619
31621
