9
21
27
33
39
51
57
63
69
81
87
93
99
111
117
123
129
141
147
153
159
171
177
183
189
201
207
213
219
231
237
243
249
261
267
273
279
291
297
303
309
321
327
333
339
351
357
363
369
381
387
393
399
411
417
423
429
441
447
453
459
471
477
483
489
501
507
513
519
531
537
543
549
561
567
573
579
591
597
603
609
621
627
633
639
651
657
663
669
681
687
693
699
711
717
723
729
741
747
753
759
771
777
783
789
801
807
813
819
831
837
843
849
861
867
873
879
891
897
903
909
921
927
933
939
951
957
963
969
981
987
993
999
1011
1017
1023
1029
1041
1047
1053
1059
1071
1077
1083
1089
1101
1107
1113
1119
1131
1137
1143
1149
1161
1167
1173
1179
1191
1197
1203
1209
1221
1227
1233
1239
1251
1257
1263
1269
1281
1287
1293
1299
1311
1317
1323
1329
1341
1347
1353
1359
1371
1377
1383
1389
1401
1407
1413
1419
1431
1437
1443
1449
1461
1467
1473
1479
1491
1497
1503
1509
1521
1527
1533
1539
1551
1557
1563
1569
1581
1587
1593
1599
1611
1617
1623
1629
1641
1647
1653
1659
1671
1677
1683
1689
1701
1707
1713
1719
1731
1737
1743
1749
1761
1767
1773
1779
1791
1797
1803
1809
1821
1827
1833
1839
1851
1857
1863
1869
1881
1887
1893
1899
1911
1917
1923
1929
1941
1947
1953
1959
1971
1977
1983
1989
2001
2007
2013
2019
2031
2037
2043
2049
2061
2067
2073
2079
2091
2097
2103
2109
2121
2127
2133
2139
2151
2157
2163
2169
2181
2187
2193
2199
2211
2217
2223
2229
2241
2247
2253
2259
2271
2277
2283
2289
2301
2307
2313
2319
2331
2337
2343
2349
2361
2367
2373
2379
2391
2397
2403
2409
2421
2427
2433
2439
2451
2457
2463
2469
2481
2487
2493
2499
2511
2517
2523
2529
2541
2547
2553
2559
2571
2577
2583
2589
2601
2607
2613
2619
2631
2637
2643
2649
2661
2667
2673
2679
2691
2697
2703
2709
2721
2727
2733
2739
2751
2757
2763
2769
2781
2787
2793
2799
2811
2817
2823
2829
2841
2847
2853
2859
2871
2877
2883
2889
2901
2907
2913
2919
2931
2937
2943
2949
2961
2967
2973
2979
2991
2997
3003
3009
3021
3027
3033
3039
3051
3057
3063
3069
3081
3087
3093
3099
3111
3117
3123
3129
3141
3147
3153
3159
3171
3177
3183
3189
3201
3207
3213
3219
3231
3237
3243
3249
3261
3267
3273
3279
3291
3297
3303
3309
3321
3327
3333
3339
3351
3357
3363
3369
3381
3387
3393
3399
3411
3417
3423
3429
3441
3447
3453
3459
3471
3477
3483
3489
3501
3507
3513
3519
3531
3537
3543
3549
3561
3567
3573
3579
3591
3597
3603
3609
3621
3627
3633
3639
3651
3657
3663
3669
3681
3687
3693
3699
3711
3717
3723
3729
3741
3747
3753
3759
3771
3777
3783
3789
3801
3807
3813
3819
3831
3837
3843
3849
3861
3867
3873
3879
3891
3897
3903
3909
3921
3927
3933
3939
3951
3957
3963
3969
3981
3987
3993
3999
4011
4017
4023
4029
4041
4047
4053
4059
4071
4077
4083
4089
4101
4107
4113
4119
4131
4137
4143
4149
4161
4167
4173
4179
4191
4197
4203
4209
4221
4227
4233
4239
4251
4257
4263
4269
4281
4287
4293
4299
4311
4317
4323
4329
4341
4347
4353
4359
4371
4377
4383
4389
4401
4407
4413
4419
4431
4437
4443
4449
4461
4467
4473
4479
4491
4497
4503
4509
4521
4527
4533
4539
4551
4557
4563
4569
4581
4587
4593
4599
4611
4617
4623
4629
4641
4647
4653
4659
4671
4677
4683
4689
4701
4707
4713
4719
4731
4737
4743
4749
4761
4767
4773
4779
4791
4797
4803
4809
4821
4827
4833
4839
4851
4857
4863
4869
4881
4887
4893
4899
4911
4917
4923
4929
4941
4947
4953
4959
4971
4977
4983
4989
5001
5007
5013
5019
5031
5037
5043
5049
5061
5067
5073
5079
5091
5097
5103
5109
5121
5127
5133
5139
5151
5157
5163
5169
5181
5187
5193
5199
5211
5217
5223
5229
5241
5247
5253
5259
5271
5277
5283
5289
5301
5307
5313
5319
5331
5337
5343
5349
5361
5367
5373
5379
5391
5397
5403
5409
5421
5427
5433
5439
5451
5457
5463
5469
5481
5487
5493
5499
5511
5517
5523
5529
5541
5547
5553
5559
5571
5577
5583
5589
5601
5607
5613
5619
5631
5637
5643
5649
5661
5667
5673
5679
5691
5697
5703
5709
5721
5727
5733
5739
5751
5757
5763
5769
5781
5787
5793
5799
5811
5817
5823
5829
5841
5847
5853
5859
5871
5877
5883
5889
5901
5907
5913
5919
5931
5937
5943
5949
5961
5967
5973
5979
5991
5997
6003
6009
6021
6027
6033
6039
6051
6057
6063
6069
6081
6087
6093
6099
6111
6117
6123
6129
6141
6147
6153
6159
6171
6177
6183
6189
6201
6207
6213
6219
6231
6237
6243
6249
6261
6267
6273
6279
6291
6297
6303
6309
6321
6327
6333
6339
6351
6357
6363
6369
6381
6387
6393
6399
6411
6417
6423
6429
6441
6447
6453
6459
6471
6477
6483
6489
6501
6507
6513
6519
6531
6537
6543
6549
6561
6567
6573
6579
6591
6597
6603
6609
6621
6627
6633
6639
6651
6657
6663
6669
6681
6687
6693
6699
6711
6717
6723
6729
6741
6747
6753
6759
6771
6777
6783
6789
6801
6807
6813
6819
6831
6837
6843
6849
6861
6867
6873
6879
6891
6897
6903
6909
6921
6927
6933
6939
6951
6957
6963
6969
6981
6987
6993
6999
7011
7017
7023
7029
7041
7047
7053
7059
7071
7077
7083
7089
7101
7107
7113
7119
7131
7137
7143
7149
7161
7167
7173
7179
7191
7197
7203
7209
7221
7227
7233
7239
7251
7257
7263
7269
7281
7287
7293
7299
7311
7317
7323
7329
7341
7347
7353
7359
7371
7377
7383
7389
7401
7407
7413
7419
7431
7437
7443
7449
7461
7467
7473
7479
7491
7497
7503
7509
7521
7527
7533
7539
7551
7557
7563
7569
7581
7587
7593
7599
7611
7617
7623
7629
7641
7647
7653
7659
7671
7677
7683
7689
7701
7707
7713
7719
7731
7737
7743
7749
7761
7767
7773
7779
7791
7797
7803
7809
7821
7827
7833
7839
7851
7857
7863
7869
7881
7887
7893
7899
7911
7917
7923
7929
7941
7947
7953
7959
7971
7977
7983
7989
8001
8007
8013
8019
8031
8037
8043
8049
8061
8067
8073
8079
8091
8097
8103
8109
8121
8127
8133
8139
8151
8157
8163
8169
8181
8187
8193
8199
8211
8217
8223
8229
8241
8247
8253
8259
8271
8277
8283
8289
8301
8307
8313
8319
8331
8337
8343
8349
8361
8367
8373
8379
8391
8397
8403
8409
8421
8427
8433
8439
8451
8457
8463
8469
8481
8487
8493
8499
8511
8517
8523
8529
8541
8547
8553
8559
8571
8577
8583
8589
8601
8607
8613
8619
8631
8637
8643
8649
8661
8667
8673
8679
8691
8697
8703
8709
8721
8727
8733
8739
8751
8757
8763
8769
8781
8787
8793
8799
8811
8817
8823
8829
8841
8847
8853
8859
8871
8877
8883
8889
8901
8907
8913
8919
8931
8937
8943
8949
8961
8967
8973
8979
8991
8997
9003
9009
9021
9027
9033
9039
9051
9057
9063
9069
9081
9087
9093
9099
9111
9117
9123
9129
9141
9147
9153
9159
9171
9177
9183
9189
9201
9207
9213
9219
9231
9237
9243
9249
9261
9267
9273
9279
9291
9297
9303
9309
9321
9327
9333
9339
9351
9357
9363
9369
9381
9387
9393
9399
9411
9417
9423
9429
9441
9447
9453
9459
9471
9477
9483
9489
9501
9507
9513
9519
9531
9537
9543
9549
9561
9567
9573
9579
9591
9597
9603
9609
9621
9627
9633
9639
9651
9657
9663
9669
9681
9687
9693
9699
9711
9717
9723
9729
9741
9747
9753
9759
9771
9777
9783
9789
9801
9807
9813
9819
9831
9837
9843
9849
9861
9867
9873
9879
9891
9897
9903
9909
9921
9927
9933
9939
9951
9957
9963
9969
9981
9987
9993
9999
10011
10017
10023
10029
10041
10047
10053
10059
10071
10077
10083
10089
10101
10107
10113
10119
10131
10137
10143
10149
10161
10167
10173
10179
10191
10197
10203
10209
10221
10227
10233
10239
10251
10257
10263
10269
10281
10287
10293
10299
10311
10317
10323
10329
10341
10347
10353
10359
10371
10377
10383
10389
10401
10407
10413
10419
10431
10437
10443
10449
10461
10467
10473
10479
10491
10497
10503
10509
10521
10527
10533
10539
10551
10557
10563
10569
10581
10587
10593
10599
10611
10617
10623
10629
10641
10647
10653
10659
10671
10677
10683
10689
10701
10707
10713
10719
10731
10737
10743
10749
10761
10767
10773
10779
10791
10797
10803
10809
10821
10827
10833
10839
10851
10857
10863
10869
10881
10887
10893
10899
10911
10917
10923
10929
10941
10947
10953
10959
10971
10977
10983
10989
11001
11007
11013
11019
11031
11037
11043
11049
11061
11067
11073
11079
11091
11097
11103
11109
11121
11127
11133
11139
11151
11157
11163
11169
11181
11187
11193
11199
11211
11217
11223
11229
11241
11247
11253
11259
11271
11277
11283
11289
11301
11307
11313
11319
11331
11337
11343
11349
11361
11367
11373
11379
11391
11397
11403
11409
11421
11427
11433
11439
11451
11457
11463
11469
11481
11487
11493
11499
11511
11517
11523
11529
11541
11547
11553
11559
11571
11577
11583
11589
11601
11607
11613
11619
11631
11637
11643
11649
11661
11667
11673
11679
11691
11697
11703
11709
11721
11727
11733
11739
11751
11757
11763
11769
11781
11787
11793
11799
11811
11817
11823
11829
11841
11847
11853
11859
11871
11877
11883
11889
11901
11907
11913
11919
11931
11937
11943
11949
11961
11967
11973
11979
11991
11997
12003
12009
12021
12027
12033
12039
12051
12057
12063
12069
12081
12087
12093
12099
12111
12117
12123
12129
12141
12147
12153
12159
12171
12177
12183
12189
12201
12207
12213
12219
12231
12237
12243
12249
12261
12267
12273
12279
12291
12297
12303
12309
12321
12327
12333
12339
12351
12357
12363
12369
12381
12387
12393
12399
12411
12417
12423
12429
12441
12447
12453
12459
12471
12477
12483
12489
12501
12507
12513
12519
12531
12537
12543
12549
12561
12567
12573
12579
12591
12597
12603
12609
12621
12627
12633
12639
12651
12657
12663
12669
12681
12687
12693
12699
12711
12717
12723
12729
12741
12747
12753
12759
12771
12777
12783
12789
12801
12807
12813
12819
12831
12837
12843
12849
12861
12867
12873
12879
12891
12897
12903
12909
12921
12927
12933
12939
12951
12957
12963
12969
12981
12987
12993
12999
13011
13017
13023
13029
13041
13047
13053
13059
13071
13077
13083
13089
13101
13107
13113
13119
13131
13137
13143
13149
13161
13167
13173
13179
13191
13197
13203
13209
13221
13227
13233
13239
13251
13257
13263
13269
13281
13287
13293
13299
13311
13317
13323
13329
13341
13347
13353
13359
13371
13377
13383
13389
13401
13407
13413
13419
13431
13437
13443
13449
13461
13467
13473
13479
13491
13497
13503
13509
13521
13527
13533
13539
13551
13557
13563
13569
13581
13587
13593
13599
13611
13617
13623
13629
13641
13647
13653
13659
13671
13677
13683
13689
13701
13707
13713
13719
13731
13737
13743
13749
13761
13767
13773
13779
13791
13797
13803
13809
13821
13827
13833
13839
13851
13857
13863
13869
13881
13887
13893
13899
13911
13917
13923
13929
13941
13947
13953
13959
13971
13977
13983
13989
14001
14007
14013
14019
14031
14037
14043
14049
14061
14067
14073
14079
14091
14097
14103
14109
14121
14127
14133
14139
14151
14157
14163
14169
14181
14187
14193
14199
14211
14217
14223
14229
14241
14247
14253
14259
14271
14277
14283
14289
14301
14307
14313
14319
14331
14337
14343
14349
14361
14367
14373
14379
14391
14397
14403
14409
14421
14427
14433
14439
14451
14457
14463
14469
14481
14487
14493
14499
14511
14517
14523
14529
14541
14547
14553
14559
14571
14577
14583
14589
14601
14607
14613
14619
14631
14637
14643
14649
14661
14667
14673
14679
14691
14697
14703
14709
14721
14727
14733
14739
14751
14757
14763
14769
14781
14787
14793
14799
14811
14817
14823
14829
14841
14847
14853
14859
14871
14877
14883
14889
14901
14907
14913
14919
14931
14937
14943
14949
14961
14967
14973
14979
14991
14997
15003
15009
15021
15027
15033
15039
15051
15057
15063
15069
15081
15087
15093
15099
15111
15117
15123
15129
15141
15147
15153
15159
15171
15177
15183
15189
15201
15207
15213
15219
15231
15237
15243
15249
15261
15267
15273
15279
15291
15297
15303
15309
15321
15327
15333
15339
15351
15357
15363
15369
15381
15387
15393
15399
15411
15417
15423
15429
15441
15447
15453
15459
15471
15477
15483
15489
15501
15507
15513
15519
15531
15537
15543
15549
15561
15567
15573
15579
15591
15597
15603
15609
15621
15627
15633
15639
15651
15657
15663
15669
15681
15687
15693
15699
15711
15717
15723
15729
15741
15747
15753
15759
15771
15777
15783
15789
15801
15807
15813
15819
15831
15837
15843
15849
15861
15867
15873
15879
15891
15897
15903
15909
15921
15927
15933
15939
15951
15957
15963
15969
15981
15987
15993
15999
16011
16017
16023
16029
16041
16047
16053
16059
16071
16077
16083
16089
16101
16107
16113
16119
16131
16137
16143
16149
16161
16167
16173
16179
16191
16197
16203
16209
16221
16227
16233
16239
16251
16257
16263
16269
16281
16287
16293
16299
16311
16317
16323
16329
16341
16347
16353
16359
16371
16377
16383
16389
16401
16407
16413
16419
16431
16437
16443
16449
16461
16467
16473
16479
16491
16497
16503
16509
16521
16527
16533
16539
16551
16557
16563
16569
16581
16587
16593
16599
16611
16617
16623
16629
16641
16647
16653
16659
16671
16677
16683
16689
16701
16707
16713
16719
16731
16737
16743
16749
16761
16767
16773
16779
16791
16797
16803
16809
16821
16827
16833
16839
16851
16857
16863
16869
16881
16887
16893
16899
16911
16917
16923
16929
16941
16947
16953
16959
16971
16977
16983
16989
17001
17007
17013
17019
17031
17037
17043
17049
17061
17067
17073
17079
17091
17097
17103
17109
17121
17127
17133
17139
17151
17157
17163
17169
17181
17187
17193
17199
17211
17217
17223
17229
17241
17247
17253
17259
17271
17277
17283
17289
17301
17307
17313
17319
17331
17337
17343
17349
17361
17367
17373
17379
17391
17397
17403
17409
17421
17427
17433
17439
17451
17457
17463
17469
17481
17487
17493
17499
17511
17517
17523
17529
17541
17547
17553
17559
17571
17577
17583
17589
17601
17607
17613
17619
17631
17637
17643
17649
17661
17667
17673
17679
17691
17697
17703
17709
17721
17727
17733
17739
17751
17757
17763
17769
17781
17787
17793
17799
17811
17817
17823
17829
17841
17847
17853
17859
17871
17877
17883
17889
17901
17907
17913
17919
17931
17937
17943
17949
17961
17967
17973
17979
17991
17997
18003
18009
18021
18027
18033
18039
18051
18057
18063
18069
18081
18087
18093
18099
18111
18117
18123
18129
18141
18147
18153
18159
18171
18177
18183
18189
18201
18207
18213
18219
18231
18237
18243
18249
18261
18267
18273
18279
18291
18297
18303
18309
18321
18327
18333
18339
18351
18357
18363
18369
18381
18387
18393
18399
18411
18417
18423
18429
18441
18447
18453
18459
18471
18477
18483
18489
18501
18507
18513
18519
18531
18537
18543
18549
18561
18567
18573
18579
18591
18597
18603
18609
18621
18627
18633
18639
18651
18657
18663
18669
18681
18687
18693
18699
18711
18717
18723
18729
18741
18747
18753
18759
18771
18777
18783
18789
18801
18807
18813
18819
18831
18837
18843
18849
18861
18867
18873
18879
18891
18897
18903
18909
18921
18927
18933
18939
18951
18957
18963
18969
18981
18987
18993
18999
19011
19017
19023
19029
19041
19047
19053
19059
19071
19077
19083
19089
19101
19107
19113
19119
19131
19137
19143
19149
19161
19167
19173
19179
19191
19197
19203
19209
19221
19227
19233
19239
19251
19257
19263
19269
19281
19287
19293
19299
19311
19317
19323
19329
19341
19347
19353
19359
19371
19377
19383
19389
19401
19407
19413
19419
19431
19437
19443
19449
19461
19467
19473
19479
19491
19497
19503
19509
19521
19527
19533
19539
19551
19557
19563
19569
19581
19587
19593
19599
19611
19617
19623
19629
19641
19647
19653
19659
19671
19677
19683
19689
19701
19707
19713
19719
19731
19737
19743
19749
19761
19767
19773
19779
19791
19797
19803
19809
19821
19827
19833
19839
19851
19857
19863
19869
19881
19887
19893
19899
19911
19917
19923
19929
19941
19947
19953
19959
19971
19977
19983
19989
20001
20007
20013
20019
20031
20037
20043
20049
20061
20067
20073
20079
20091
20097
20103
20109
20121
20127
20133
20139
20151
20157
20163
20169
20181
20187
20193
20199
20211
20217
20223
20229
20241
20247
20253
20259
20271
20277
20283
20289
20301
20307
20313
20319
20331
20337
20343
20349
20361
20367
20373
20379
20391
20397
20403
20409
20421
20427
20433
20439
20451
20457
20463
20469
20481
20487
20493
20499
20511
20517
20523
20529
20541
20547
20553
20559
20571
20577
20583
20589
20601
20607
20613
20619
20631
20637
20643
20649
20661
20667
20673
20679
20691
20697
20703
20709
20721
20727
20733
20739
20751
20757
20763
20769
20781
20787
20793
20799
20811
20817
20823
20829
20841
20847
20853
20859
20871
20877
20883
20889
20901
20907
20913
20919
20931
20937
20943
20949
20961
20967
20973
20979
20991
20997
21003
21009
21021
21027
21033
21039
21051
21057
21063
21069
21081
21087
21093
21099
21111
21117
21123
21129
21141
21147
21153
21159
21171
21177
21183
21189
21201
21207
21213
21219
21231
21237
21243
21249
21261
21267
21273
21279
21291
21297
21303
21309
21321
21327
21333
21339
21351
21357
21363
21369
21381
21387
21393
21399
21411
21417
21423
21429
21441
21447
21453
21459
21471
21477
21483
21489
21501
21507
21513
21519
21531
21537
21543
21549
21561
21567
21573
21579
21591
21597
21603
21609
21621
21627
21633
21639
21651
21657
21663
21669
21681
21687
21693
21699
21711
21717
21723
21729
21741
21747
21753
21759
21771
21777
21783
21789
21801
21807
21813
21819
21831
21837
21843
21849
21861
21867
21873
21879
21891
21897
21903
21909
21921
21927
21933
21939
21951
21957
21963
21969
21981
21987
21993
21999
22011
22017
22023
22029
22041
22047
22053
22059
22071
22077
22083
22089
22101
22107
22113
22119
22131
22137
22143
22149
22161
22167
22173
22179
22191
22197
22203
22209
22221
22227
22233
22239
22251
22257
22263
22269
22281
22287
22293
22299
22311
22317
22323
22329
22341
22347
22353
22359
22371
22377
22383
22389
22401
22407
22413
22419
22431
22437
22443
22449
22461
22467
22473
22479
22491
22497
22503
22509
22521
22527
22533
22539
22551
22557
22563
22569
22581
22587
22593
22599
22611
22617
22623
22629
22641
22647
22653
22659
22671
22677
22683
22689
22701
22707
22713
22719
22731
22737
22743
22749
22761
22767
22773
22779
22791
22797
22803
22809
22821
22827
22833
22839
22851
22857
22863
22869
22881
22887
22893
22899
22911
22917
22923
22929
22941
22947
22953
22959
22971
22977
22983
22989
23001
23007
23013
23019
23031
23037
23043
23049
23061
23067
23073
23079
23091
23097
23103
23109
23121
23127
23133
23139
23151
23157
23163
23169
23181
23187
23193
23199
23211
23217
23223
23229
23241
23247
23253
23259
23271
23277
23283
23289
23301
23307
23313
23319
23331
23337
23343
23349
23361
23367
23373
23379
23391
23397
23403
23409
23421
23427
23433
23439
23451
23457
23463
23469
23481
23487
23493
23499
23511
23517
23523
23529
23541
23547
23553
23559
23571
23577
23583
23589
23601
23607
23613
23619
23631
23637
23643
23649
23661
23667
23673
23679
23691
23697
23703
23709
23721
23727
23733
23739
23751
23757
23763
23769
23781
23787
23793
23799
23811
23817
23823
23829
23841
23847
23853
23859
23871
23877
23883
23889
23901
23907
23913
23919
23931
23937
23943
23949
23961
23967
23973
23979
23991
23997
24003
24009
24021
24027
24033
24039
24051
24057
24063
24069
24081
24087
24093
24099
24111
24117
24123
24129
24141
24147
24153
24159
24171
24177
24183
24189
24201
24207
24213
24219
24231
24237
24243
24249
24261
24267
24273
24279
24291
24297
24303
24309
24321
24327
24333
24339
24351
24357
24363
24369
24381
24387
24393
24399
24411
24417
24423
24429
24441
24447
24453
24459
24471
24477
24483
24489
24501
24507
24513
24519
24531
24537
24543
24549
24561
24567
24573
24579
24591
24597
24603
24609
24621
24627
24633
24639
24651
24657
24663
24669
24681
24687
24693
24699
24711
24717
24723
24729
24741
24747
24753
24759
24771
24777
24783
24789
24801
24807
24813
24819
24831
24837
24843
24849
24861
24867
24873
24879
24891
24897
24903
24909
24921
24927
24933
24939
24951
24957
24963
24969
24981
24987
24993
24999
25011
25017
25023
25029
25041
25047
25053
25059
25071
25077
25083
25089
25101
25107
25113
25119
25131
25137
25143
25149
25161
25167
25173
25179
25191
25197
25203
25209
25221
25227
25233
25239
25251
25257
25263
25269
25281
25287
25293
25299
25311
25317
25323
25329
25341
25347
25353
25359
25371
25377
25383
25389
25401
25407
25413
25419
25431
25437
25443
25449
25461
25467
25473
25479
25491
25497
25503
25509
25521
25527
25533
25539
25551
25557
25563
25569
25581
25587
25593
25599
25611
25617
25623
25629
25641
25647
25653
25659
25671
25677
25683
25689
25701
25707
25713
25719
25731
25737
25743
25749
25761
25767
25773
25779
25791
25797
25803
25809
25821
25827
25833
25839
25851
25857
25863
25869
25881
25887
25893
25899
25911
25917
25923
25929
25941
25947
25953
25959
25971
25977
25983
25989
26001
26007
26013
26019
26031
26037
26043
26049
26061
26067
26073
26079
26091
26097
26103
26109
26121
26127
26133
26139
26151
26157
26163
26169
26181
26187
26193
26199
26211
26217
26223
26229
26241
26247
26253
26259
26271
26277
26283
26289
26301
26307
26313
26319
26331
26337
26343
26349
26361
26367
26373
26379
26391
26397
26403
26409
26421
26427
26433
26439
26451
26457
26463
26469
26481
26487
26493
26499
26511
26517
26523
26529
26541
26547
26553
26559
26571
26577
26583
26589
26601
26607
26613
26619
26631
26637
26643
26649
26661
26667
26673
26679
26691
26697
26703
26709
26721
26727
26733
26739
26751
26757
26763
26769
26781
26787
26793
26799
26811
26817
26823
26829
26841
26847
26853
26859
26871
26877
26883
26889
26901
26907
26913
26919
26931
26937
26943
26949
26961
26967
26973
26979
26991
26997
27003
27009
27021
27027
27033
27039
27051
27057
27063
27069
27081
27087
27093
27099
27111
27117
27123
27129
27141
27147
27153
27159
27171
27177
27183
27189
27201
27207
27213
27219
27231
27237
27243
27249
27261
27267
27273
27279
27291
27297
27303
27309
27321
27327
27333
27339
27351
27357
27363
27369
27381
27387
27393
27399
27411
27417
27423
27429
27441
27447
27453
27459
27471
27477
27483
27489
27501
27507
27513
27519
27531
27537
27543
27549
27561
27567
27573
27579
27591
27597
27603
27609
27621
27627
27633
27639
27651
27657
27663
27669
27681
27687
27693
27699
27711
27717
27723
27729
27741
27747
27753
27759
27771
27777
27783
27789
27801
27807
27813
27819
27831
27837
27843
27849
27861
27867
27873
27879
27891
27897
27903
27909
27921
27927
27933
27939
27951
27957
27963
27969
27981
27987
27993
27999
28011
28017
28023
28029
28041
28047
28053
28059
28071
28077
28083
28089
28101
28107
28113
28119
28131
28137
28143
28149
28161
28167
28173
28179
28191
28197
28203
28209
28221
28227
28233
28239
28251
28257
28263
28269
28281
28287
28293
28299
28311
28317
28323
28329
28341
28347
28353
28359
28371
28377
28383
28389
28401
28407
28413
28419
28431
28437
28443
28449
28461
28467
28473
28479
28491
28497
28503
28509
28521
28527
28533
28539
28551
28557
28563
28569
28581
28587
28593
28599
28611
28617
28623
28629
28641
28647
28653
28659
28671
28677
28683
28689
28701
28707
28713
28719
28731
28737
28743
28749
28761
28767
28773
28779
28791
28797
28803
28809
28821
28827
28833
28839
28851
28857
28863
28869
28881
28887
28893
28899
28911
28917
28923
28929
28941
28947
28953
28959
28971
28977
28983
28989
29001
29007
29013
29019
29031
29037
29043
29049
29061
29067
29073
29079
29091
29097
29103
29109
29121
29127
29133
29139
29151
29157
29163
29169
29181
29187
29193
29199
29211
29217
29223
29229
29241
29247
29253
29259
29271
29277
29283
29289
29301
29307
29313
29319
29331
29337
29343
29349
29361
29367
29373
29379
29391
29397
29403
29409
29421
29427
29433
29439
29451
29457
29463
29469
29481
29487
29493
29499
29511
29517
29523
29529
29541
29547
29553
29559
29571
29577
29583
29589
29601
29607
29613
29619
29631
29637
29643
29649
29661
29667
29673
29679
29691
29697
29703
29709
29721
29727
29733
29739
29751
29757
29763
29769
29781
29787
29793
29799
29811
29817
29823
29829
29841
29847
29853
29859
29871
29877
29883
29889
29901
29907
29913
29919
29931
29937
29943
29949
29961
29967
29973
29979
29991
29997
30003
30009
30021
30027
30033
30039
30051
30057
30063
30069
30081
30087
30093
30099
30111
30117
30123
30129
30141
30147
30153
30159
30171
30177
30183
30189
30201
30207
30213
30219
30231
30237
30243
30249
30261
30267
30273
30279
30291
30297
30303
30309
30321
30327
30333
30339
30351
30357
30363
30369
30381
30387
30393
30399
30411
30417
30423
30429
30441
30447
30453
30459
30471
30477
30483
30489
30501
30507
30513
30519
30531
30537
30543
30549
30561
30567
30573
30579
30591
30597
30603
30609
30621
30627
30633
30639
30651
30657
30663
30669
30681
30687
30693
30699
30711
30717
30723
30729
30741
30747
30753
30759
30771
30777
30783
30789
30801
30807
30813
30819
30831
30837
30843
30849
30861
30867
30873
30879
30891
30897
30903
30909
30921
30927
30933
30939
30951
30957
30963
30969
30981
30987
30993
30999
31011
31017
31023
31029
31041
31047
31053
31059
31071
31077
31083
31089
31101
31107
31113
31119
31131
31137
31143
31149
31161
31167
31173
31179
31191
31197
31203
31209
31221
31227
31233
31239
31251
31257
31263
31269
31281
31287
31293
31299
31311
31317
31323
31329
31341
31347
31353
31359
31371
31377
31383
31389
31401
31407
31413
31419
31431
31437
31443
31449
31461
31467
31473
31479
31491
31497
31503
31509
31521
31527
31533
31539
31551
31557
31563
31569
31581
31587
31593
31599
31611
31617
21
49
63
77
91
119
133
147
161
189
203
217
231
259
273
287
301
329
343
357
371
399
413
427
441
469
483
497
511
539
553
567
581
609
623
637
651
679
693
707
721
749
763
777
791
819
833
847
861
889
903
917
931
959
973
987
1001
1029
1043
1057
1071
1099
1113
1127
1141
1169
1183
1197
1211
1239
1253
1267
1281
1309
1323
1337
1351
1379
1393
1407
1421
1449
1463
1477
1491
1519
1533
1547
1561
1589
1603
1617
1631
1659
1673
1687
1701
1729
1743
1757
1771
1799
1813
1827
1841
1869
1883
1897
1911
1939
1953
1967
1981
2009
2023
2037
2051
2079
2093
2107
2121
2149
2163
2177
2191
2219
2233
2247
2261
2289
2303
2317
2331
2359
2373
2387
2401
2429
2443
2457
2471
2499
2513
2527
2541
2569
2583
2597
2611
2639
2653
2667
2681
2709
2723
2737
2751
2779
2793
2807
2821
2849
2863
2877
2891
2919
2933
2947
2961
2989
3003
3017
3031
3059
3073
3087
3101
3129
3143
3157
3171
3199
3213
3227
3241
3269
3283
3297
3311
3339
3353
3367
3381
3409
3423
3437
3451
3479
3493
3507
3521
3549
3563
3577
3591
3619
3633
3647
3661
3689
3703
3717
3731
3759
3773
3787
3801
3829
3843
3857
3871
3899
3913
3927
3941
3969
3983
3997
4011
4039
4053
4067
4081
4109
4123
4137
4151
4179
4193
4207
4221
4249
4263
4277
4291
4319
4333
4347
4361
4389
4403
4417
4431
4459
4473
4487
4501
4529
4543
4557
4571
4599
4613
4627
4641
4669
4683
4697
4711
4739
4753
4767
4781
4809
4823
4837
4851
4879
4893
4907
4921
4949
4963
4977
4991
5019
5033
5047
5061
5089
5103
5117
5131
5159
5173
5187
5201
5229
5243
5257
5271
5299
5313
5327
5341
5369
5383
5397
5411
5439
5453
5467
5481
5509
5523
5537
5551
5579
5593
5607
5621
5649
5663
5677
5691
5719
5733
5747
5761
5789
5803
5817
5831
5859
5873
5887
5901
5929
5943
5957
5971
5999
6013
6027
6041
6069
6083
6097
6111
6139
6153
6167
6181
6209
6223
6237
6251
6279
6293
6307
6321
6349
6363
6377
6391
6419
6433
6447
6461
6489
6503
6517
6531
6559
6573
6587
6601
6629
6643
6657
6671
6699
6713
6727
6741
6769
6783
6797
6811
6839
6853
6867
6881
6909
6923
6937
6951
6979
6993
7007
7021
7049
7063
7077
7091
7119
7133
7147
7161
7189
7203
7217
7231
7259
7273
7287
7301
7329
7343
7357
7371
7399
7413
7427
7441
7469
7483
7497
7511
7539
7553
7567
7581
7609
7623
7637
7651
7679
7693
7707
7721
7749
7763
7777
7791
7819
7833
7847
7861
7889
7903
7917
7931
7959
7973
7987
8001
8029
8043
8057
8071
8099
8113
8127
8141
8169
8183
8197
8211
8239
8253
8267
8281
8309
8323
8337
8351
8379
8393
8407
8421
8449
8463
8477
8491
8519
8533
8547
8561
8589
8603
8617
8631
8659
8673
8687
8701
8729
8743
8757
8771
8799
8813
8827
8841
8869
8883
8897
8911
8939
8953
8967
8981
9009
9023
9037
9051
9079
9093
9107
9121
9149
9163
9177
9191
9219
9233
9247
9261
9289
9303
9317
9331
9359
9373
9387
9401
9429
9443
9457
9471
9499
9513
9527
9541
9569
9583
9597
9611
9639
9653
9667
9681
9709
9723
9737
9751
9779
9793
9807
9821
9849
9863
9877
9891
9919
9933
9947
9961
9989
10003
10017
10031
10059
10073
10087
10101
10129
10143
10157
10171
10199
10213
10227
10241
10269
10283
10297
10311
10339
10353
10367
10381
10409
10423
10437
10451
10479
10493
10507
10521
10549
10563
10577
10591
10619
10633
10647
10661
10689
10703
10717
10731
10759
10773
10787
10801
10829
10843
10857
10871
10899
10913
10927
10941
10969
10983
10997
11011
11039
11053
11067
11081
11109
11123
11137
11151
11179
11193
11207
11221
11249
11263
11277
11291
11319
11333
11347
11361
11389
11403
11417
11431
11459
11473
11487
11501
11529
11543
11557
11571
11599
11613
11627
11641
11669
11683
11697
11711
11739
11753
11767
11781
11809
11823
11837
11851
11879
11893
11907
11921
11949
11963
11977
11991
12019
12033
12047
12061
12089
12103
12117
12131
12159
12173
12187
12201
12229
12243
12257
12271
12299
12313
12327
12341
12369
12383
12397
12411
12439
12453
12467
12481
12509
12523
12537
12551
12579
12593
12607
12621
12649
12663
12677
12691
12719
12733
12747
12761
12789
12803
12817
12831
12859
12873
12887
12901
12929
12943
12957
12971
12999
13013
13027
13041
13069
13083
13097
13111
13139
13153
13167
13181
13209
13223
13237
13251
13279
13293
13307
13321
13349
13363
13377
13391
13419
13433
13447
13461
13489
13503
13517
13531
13559
13573
13587
13601
13629
13643
13657
13671
13699
13713
13727
13741
13769
13783
13797
13811
13839
13853
13867
13881
13909
13923
13937
13951
13979
13993
14007
14021
14049
14063
14077
14091
14119
14133
14147
14161
14189
14203
14217
14231
14259
14273
14287
14301
14329
14343
14357
14371
14399
14413
14427
14441
14469
14483
14497
14511
14539
14553
14567
14581
14609
14623
14637
14651
14679
14693
14707
14721
14749
14763
14777
14791
14819
14833
14847
14861
14889
14903
14917
14931
14959
14973
14987
15001
15029
15043
15057
15071
15099
15113
15127
15141
15169
15183
15197
15211
15239
15253
15267
15281
15309
15323
15337
15351
15379
15393
15407
15421
15449
15463
15477
15491
15519
15533
15547
15561
15589
15603
15617
15631
15659
15673
15687
15701
15729
15743
15757
15771
15799
15813
15827
15841
15869
15883
15897
15911
15939
15953
15967
15981
16009
16023
16037
16051
16079
16093
16107
16121
16149
16163
16177
16191
16219
16233
16247
16261
16289
16303
16317
16331
16359
16373
16387
16401
16429
16443
16457
16471
16499
16513
16527
16541
16569
16583
16597
16611
16639
16653
16667
16681
16709
16723
16737
16751
16779
16793
16807
16821
16849
16863
16877
16891
16919
16933
16947
16961
16989
17003
17017
17031
17059
17073
17087
17101
17129
17143
17157
17171
17199
17213
17227
17241
17269
17283
17297
17311
17339
17353
17367
17381
17409
17423
17437
17451
17479
17493
17507
17521
17549
17563
17577
17591
17619
17633
17647
17661
17689
17703
17717
17731
17759
17773
17787
17801
17829
17843
17857
17871
17899
17913
17927
17941
17969
17983
17997
18011
18039
18053
18067
18081
18109
18123
18137
18151
18179
18193
18207
18221
18249
18263
18277
18291
18319
18333
18347
18361
18389
18403
18417
18431
18459
18473
18487
18501
18529
18543
18557
18571
18599
18613
18627
18641
18669
18683
18697
18711
18739
18753
18767
18781
18809
18823
18837
18851
18879
18893
18907
18921
18949
18963
18977
18991
19019
19033
19047
19061
19089
19103
19117
19131
19159
19173
19187
19201
19229
19243
19257
19271
19299
19313
19327
19341
19369
19383
19397
19411
19439
19453
19467
19481
19509
19523
19537
19551
19579
19593
19607
19621
19649
19663
19677
19691
19719
19733
19747
19761
19789
19803
19817
19831
19859
19873
19887
19901
19929
19943
19957
19971
19999
20013
20027
20041
20069
20083
20097
20111
20139
20153
20167
20181
20209
20223
20237
20251
20279
20293
20307
20321
20349
20363
20377
20391
20419
20433
20447
20461
20489
20503
20517
20531
20559
20573
20587
20601
20629
20643
20657
20671
20699
20713
20727
20741
20769
20783
20797
20811
20839
20853
20867
20881
20909
20923
20937
20951
20979
20993
21007
21021
21049
21063
21077
21091
21119
21133
21147
21161
21189
21203
21217
21231
21259
21273
21287
21301
21329
21343
21357
21371
21399
21413
21427
21441
21469
21483
21497
21511
21539
21553
21567
21581
21609
21623
21637
21651
21679
21693
21707
21721
21749
21763
21777
21791
21819
21833
21847
21861
21889
21903
21917
21931
21959
21973
21987
22001
22029
22043
22057
22071
22099
22113
22127
22141
22169
22183
22197
22211
22239
22253
22267
22281
22309
22323
22337
22351
22379
22393
22407
22421
22449
22463
22477
22491
22519
22533
22547
22561
22589
22603
22617
22631
22659
22673
22687
22701
22729
22743
22757
22771
22799
22813
22827
22841
22869
22883
22897
22911
22939
22953
22967
22981
23009
23023
23037
23051
23079
23093
23107
23121
23149
23163
23177
23191
23219
23233
23247
23261
23289
23303
23317
23331
23359
23373
23387
23401
23429
23443
23457
23471
23499
23513
23527
23541
23569
23583
23597
23611
23639
23653
23667
23681
23709
23723
23737
23751
23779
23793
23807
23821
23849
23863
23877
23891
23919
23933
23947
23961
23989
24003
24017
24031
24059
24073
24087
24101
24129
24143
24157
24171
24199
24213
24227
24241
24269
24283
24297
24311
24339
24353
24367
24381
24409
24423
24437
24451
24479
24493
24507
24521
24549
24563
24577
24591
24619
24633
24647
24661
24689
24703
24717
24731
24759
24773
24787
24801
24829
24843
24857
24871
24899
24913
24927
24941
24969
24983
24997
25011
25039
25053
25067
25081
25109
25123
25137
25151
25179
25193
25207
25221
25249
25263
25277
25291
25319
25333
25347
25361
25389
25403
25417
25431
25459
25473
25487
25501
25529
25543
25557
25571
25599
25613
25627
25641
25669
25683
25697
25711
25739
25753
25767
25781
25809
25823
25837
25851
25879
25893
25907
25921
25949
25963
25977
25991
26019
26033
26047
26061
26089
26103
26117
26131
26159
26173
26187
26201
26229
26243
26257
26271
26299
26313
26327
26341
26369
26383
26397
26411
26439
26453
26467
26481
26509
26523
26537
26551
26579
26593
26607
26621
26649
26663
26677
26691
26719
26733
26747
26761
26789
26803
26817
26831
26859
26873
26887
26901
26929
26943
26957
26971
26999
27013
27027
27041
27069
27083
27097
27111
27139
27153
27167
27181
27209
27223
27237
27251
27279
27293
27307
27321
27349
27363
27377
27391
27419
27433
27447
27461
27489
27503
27517
27531
27559
27573
27587
27601
27629
27643
27657
27671
27699
27713
27727
27741
27769
27783
27797
27811
27839
27853
27867
27881
27909
27923
27937
27951
27979
27993
28007
28021
28049
28063
28077
28091
28119
28133
28147
28161
28189
28203
28217
28231
28259
28273
28287
28301
28329
28343
28357
28371
28399
28413
28427
28441
28469
28483
28497
28511
28539
28553
28567
28581
28609
28623
28637
28651
28679
28693
28707
28721
28749
28763
28777
28791
28819
28833
28847
28861
28889
28903
28917
28931
28959
28973
28987
29001
29029
29043
29057
29071
29099
29113
29127
29141
29169
29183
29197
29211
29239
29253
29267
29281
29309
29323
29337
29351
29379
29393
29407
29421
29449
29463
29477
29491
29519
29533
29547
29561
29589
29603
29617
29631
29659
29673
29687
29701
29729
29743
29757
29771
29799
29813
29827
29841
29869
29883
29897
29911
29939
29953
29967
29981
30009
30023
30037
30051
30079
30093
30107
30121
30149
30163
30177
30191
30219
30233
30247
30261
30289
30303
30317
30331
30359
30373
30387
30401
30429
30443
30457
30471
30499
30513
30527
30541
30569
30583
30597
30611
30639
30653
30667
30681
30709
30723
30737
30751
30779
30793
30807
30821
30849
30863
30877
30891
30919
30933
30947
30961
30989
31003
31017
31031
31059
31073
31087
31101
31129
31143
31157
31171
31199
31213
31227
31241
31269
31283
31297
31311
31339
31353
31367
31381
31409
31423
31437
31451
31479
31493
31507
31521
31549
31563
31577
31591
31619
33
77
99
121
143
187
209
231
253
297
319
341
363
407
429
451
473
517
539
561
583
627
649
671
693
737
759
781
803
847
869
891
913
957
979
1001
1023
1067
1089
1111
1133
1177
1199
1221
1243
1287
1309
1331
1353
1397
1419
1441
1463
1507
1529
1551
1573
1617
1639
1661
1683
1727
1749
1771
1793
1837
1859
1881
1903
1947
1969
1991
2013
2057
2079
2101
2123
2167
2189
2211
2233
2277
2299
2321
2343
2387
2409
2431
2453
2497
2519
2541
2563
2607
2629
2651
2673
2717
2739
2761
2783
2827
2849
2871
2893
2937
2959
2981
3003
3047
3069
3091
3113
3157
3179
3201
3223
3267
3289
3311
3333
3377
3399
3421
3443
3487
3509
3531
3553
3597
3619
3641
3663
3707
3729
3751
3773
3817
3839
3861
3883
3927
3949
3971
3993
4037
4059
4081
4103
4147
4169
4191
4213
4257
4279
4301
4323
4367
4389
4411
4433
4477
4499
4521
4543
4587
4609
4631
4653
4697
4719
4741
4763
4807
4829
4851
4873
4917
4939
4961
4983
5027
5049
5071
5093
5137
5159
5181
5203
5247
5269
5291
5313
5357
5379
5401
5423
5467
5489
5511
5533
5577
5599
5621
5643
5687
5709
5731
5753
5797
5819
5841
5863
5907
5929
5951
5973
6017
6039
6061
6083
6127
6149
6171
6193
6237
6259
6281
6303
6347
6369
6391
6413
6457
6479
6501
6523
6567
6589
6611
6633
6677
6699
6721
6743
6787
6809
6831
6853
6897
6919
6941
6963
7007
7029
7051
7073
7117
7139
7161
7183
7227
7249
7271
7293
7337
7359
7381
7403
7447
7469
7491
7513
7557
7579
7601
7623
7667
7689
7711
7733
7777
7799
7821
7843
7887
7909
7931
7953
7997
8019
8041
8063
8107
8129
8151
8173
8217
8239
8261
8283
8327
8349
8371
8393
8437
8459
8481
8503
8547
8569
8591
8613
8657
8679
8701
8723
8767
8789
8811
8833
8877
8899
8921
8943
8987
9009
9031
9053
9097
9119
9141
9163
9207
9229
9251
9273
9317
9339
9361
9383
9427
9449
9471
9493
9537
9559
9581
9603
9647
9669
9691
9713
9757
9779
9801
9823
9867
9889
9911
9933
9977
9999
10021
10043
10087
10109
10131
10153
10197
10219
10241
10263
10307
10329
10351
10373
10417
10439
10461
10483
10527
10549
10571
10593
10637
10659
10681
10703
10747
10769
10791
10813
10857
10879
10901
10923
10967
10989
11011
11033
11077
11099
11121
11143
11187
11209
11231
11253
11297
11319
11341
11363
11407
11429
11451
11473
11517
11539
11561
11583
11627
11649
11671
11693
11737
11759
11781
11803
11847
11869
11891
11913
11957
11979
12001
12023
12067
12089
12111
12133
12177
12199
12221
12243
12287
12309
12331
12353
12397
12419
12441
12463
12507
12529
12551
12573
12617
12639
12661
12683
12727
12749
12771
12793
12837
12859
12881
12903
12947
12969
12991
13013
13057
13079
13101
13123
13167
13189
13211
13233
13277
13299
13321
13343
13387
13409
13431
13453
13497
13519
13541
13563
13607
13629
13651
13673
13717
13739
13761
13783
13827
13849
13871
13893
13937
13959
13981
14003
14047
14069
14091
14113
14157
14179
14201
14223
14267
14289
14311
14333
14377
14399
14421
14443
14487
14509
14531
14553
14597
14619
14641
14663
14707
14729
14751
14773
14817
14839
14861
14883
14927
14949
14971
14993
15037
15059
15081
15103
15147
15169
15191
15213
15257
15279
15301
15323
15367
15389
15411
15433
15477
15499
15521
15543
15587
15609
15631
15653
15697
15719
15741
15763
15807
15829
15851
15873
15917
15939
15961
15983
16027
16049
16071
16093
16137
16159
16181
16203
16247
16269
16291
16313
16357
16379
16401
16423
16467
16489
16511
16533
16577
16599
16621
16643
16687
16709
16731
16753
16797
16819
16841
16863
16907
16929
16951
16973
17017
17039
17061
17083
17127
17149
17171
17193
17237
17259
17281
17303
17347
17369
17391
17413
17457
17479
17501
17523
17567
17589
17611
17633
17677
17699
17721
17743
17787
17809
17831
17853
17897
17919
17941
17963
18007
18029
18051
18073
18117
18139
18161
18183
18227
18249
18271
18293
18337
18359
18381
18403
18447
18469
18491
18513
18557
18579
18601
18623
18667
18689
18711
18733
18777
18799
18821
18843
18887
18909
18931
18953
18997
19019
19041
19063
19107
19129
19151
19173
19217
19239
19261
19283
19327
19349
19371
19393
19437
19459
19481
19503
19547
19569
19591
19613
19657
19679
19701
19723
19767
19789
19811
19833
19877
19899
19921
19943
19987
20009
20031
20053
20097
20119
20141
20163
20207
20229
20251
20273
20317
20339
20361
20383
20427
20449
20471
20493
20537
20559
20581
20603
20647
20669
20691
20713
20757
20779
20801
20823
20867
20889
20911
20933
20977
20999
21021
21043
21087
21109
21131
21153
21197
21219
21241
21263
21307
21329
21351
21373
21417
21439
21461
21483
21527
21549
21571
21593
21637
21659
21681
21703
21747
21769
21791
21813
21857
21879
21901
21923
21967
21989
22011
22033
22077
22099
22121
22143
22187
22209
22231
22253
22297
22319
22341
22363
22407
22429
22451
22473
22517
22539
22561
22583
22627
22649
22671
22693
22737
22759
22781
22803
22847
22869
22891
22913
22957
22979
23001
23023
23067
23089
23111
23133
23177
23199
23221
23243
23287
23309
23331
23353
23397
23419
23441
23463
23507
23529
23551
23573
23617
23639
23661
23683
23727
23749
23771
23793
23837
23859
23881
23903
23947
23969
23991
24013
24057
24079
24101
24123
24167
24189
24211
24233
24277
24299
24321
24343
24387
24409
24431
24453
24497
24519
24541
24563
24607
24629
24651
24673
24717
24739
24761
24783
24827
24849
24871
24893
24937
24959
24981
25003
25047
25069
25091
25113
25157
25179
25201
25223
25267
25289
25311
25333
25377
25399
25421
25443
25487
25509
25531
25553
25597
25619
25641
25663
25707
25729
25751
25773
25817
25839
25861
25883
25927
25949
25971
25993
26037
26059
26081
26103
26147
26169
26191
26213
26257
26279
26301
26323
26367
26389
26411
26433
26477
26499
26521
26543
26587
26609
26631
26653
26697
26719
26741
26763
26807
26829
26851
26873
26917
26939
26961
26983
27027
27049
27071
27093
27137
27159
27181
27203
27247
27269
27291
27313
27357
27379
27401
27423
27467
27489
27511
27533
27577
27599
27621
27643
27687
27709
27731
27753
27797
27819
27841
27863
27907
27929
27951
27973
28017
28039
28061
28083
28127
28149
28171
28193
28237
28259
28281
28303
28347
28369
28391
28413
28457
28479
28501
28523
28567
28589
28611
28633
28677
28699
28721
28743
28787
28809
28831
28853
28897
28919
28941
28963
29007
29029
29051
29073
29117
29139
29161
29183
29227
29249
29271
29293
29337
29359
29381
29403
29447
29469
29491
29513
29557
29579
29601
29623
29667
29689
29711
29733
29777
29799
29821
29843
29887
29909
29931
29953
29997
30019
30041
30063
30107
30129
30151
30173
30217
30239
30261
30283
30327
30349
30371
30393
30437
30459
30481
30503
30547
30569
30591
30613
30657
30679
30701
30723
30767
30789
30811
30833
30877
30899
30921
30943
30987
31009
31031
31053
31097
31119
31141
31163
31207
31229
31251
31273
31317
31339
31361
31383
31427
31449
31471
31493
31537
31559
31581
31603
39
91
117
143
169
221
247
273
299
351
377
403
429
481
507
533
559
611
637
663
689
741
767
793
819
871
897
923
949
1001
1027
1053
1079
1131
1157
1183
1209
1261
1287
1313
1339
1391
1417
1443
1469
1521
1547
1573
1599
1651
1677
1703
1729
1781
1807
1833
1859
1911
1937
1963
1989
2041
2067
2093
2119
2171
2197
2223
2249
2301
2327
2353
2379
2431
2457
2483
2509
2561
2587
2613
2639
2691
2717
2743
2769
2821
2847
2873
2899
2951
2977
3003
3029
3081
3107
3133
3159
3211
3237
3263
3289
3341
3367
3393
3419
3471
3497
3523
3549
3601
3627
3653
3679
3731
3757
3783
3809
3861
3887
3913
3939
3991
4017
4043
4069
4121
4147
4173
4199
4251
4277
4303
4329
4381
4407
4433
4459
4511
4537
4563
4589
4641
4667
4693
4719
4771
4797
4823
4849
4901
4927
4953
4979
5031
5057
5083
5109
5161
5187
5213
5239
5291
5317
5343
5369
5421
5447
5473
5499
5551
5577
5603
5629
5681
5707
5733
5759
5811
5837
5863
5889
5941
5967
5993
6019
6071
6097
6123
6149
6201
6227
6253
6279
6331
6357
6383
6409
6461
6487
6513
6539
6591
6617
6643
6669
6721
6747
6773
6799
6851
6877
6903
6929
6981
7007
7033
7059
7111
7137
7163
7189
7241
7267
7293
7319
7371
7397
7423
7449
7501
7527
7553
7579
7631
7657
7683
7709
7761
7787
7813
7839
7891
7917
7943
7969
8021
8047
8073
8099
8151
8177
8203
8229
8281
8307
8333
8359
8411
8437
8463
8489
8541
8567
8593
8619
8671
8697
8723
8749
8801
8827
8853
8879
8931
8957
8983
9009
9061
9087
9113
9139
9191
9217
9243
9269
9321
9347
9373
9399
9451
9477
9503
9529
9581
9607
9633
9659
9711
9737
9763
9789
9841
9867
9893
9919
9971
9997
10023
10049
10101
10127
10153
10179
10231
10257
10283
10309
10361
10387
10413
10439
10491
10517
10543
10569
10621
10647
10673
10699
10751
10777
10803
10829
10881
10907
10933
10959
11011
11037
11063
11089
11141
11167
11193
11219
11271
11297
11323
11349
11401
11427
11453
11479
11531
11557
11583
11609
11661
11687
11713
11739
11791
11817
11843
11869
11921
11947
11973
11999
12051
12077
12103
12129
12181
12207
12233
12259
12311
12337
12363
12389
12441
12467
12493
12519
12571
12597
12623
12649
12701
12727
12753
12779
12831
12857
12883
12909
12961
12987
13013
13039
13091
13117
13143
13169
13221
13247
13273
13299
13351
13377
13403
13429
13481
13507
13533
13559
13611
13637
13663
13689
13741
13767
13793
13819
13871
13897
13923
13949
14001
14027
14053
14079
14131
14157
14183
14209
14261
14287
14313
14339
14391
14417
14443
14469
14521
14547
14573
14599
14651
14677
14703
14729
14781
14807
14833
14859
14911
14937
14963
14989
15041
15067
15093
15119
15171
15197
15223
15249
15301
15327
15353
15379
15431
15457
15483
15509
15561
15587
15613
15639
15691
15717
15743
15769
15821
15847
15873
15899
15951
15977
16003
16029
16081
16107
16133
16159
16211
16237
16263
16289
16341
16367
16393
16419
16471
16497
16523
16549
16601
16627
16653
16679
16731
16757
16783
16809
16861
16887
16913
16939
16991
17017
17043
17069
17121
17147
17173
17199
17251
17277
17303
17329
17381
17407
17433
17459
17511
17537
17563
17589
17641
17667
17693
17719
17771
17797
17823
17849
17901
17927
17953
17979
18031
18057
18083
18109
18161
18187
18213
18239
18291
18317
18343
18369
18421
18447
18473
18499
18551
18577
18603
18629
18681
18707
18733
18759
18811
18837
18863
18889
18941
18967
18993
19019
19071
19097
19123
19149
19201
19227
19253
19279
19331
19357
19383
19409
19461
19487
19513
19539
19591
19617
19643
19669
19721
19747
19773
19799
19851
19877
19903
19929
19981
20007
20033
20059
20111
20137
20163
20189
20241
20267
20293
20319
20371
20397
20423
20449
20501
20527
20553
20579
20631
20657
20683
20709
20761
20787
20813
20839
20891
20917
20943
20969
21021
21047
21073
21099
21151
21177
21203
21229
21281
21307
21333
21359
21411
21437
21463
21489
21541
21567
21593
21619
21671
21697
21723
21749
21801
21827
21853
21879
21931
21957
21983
22009
22061
22087
22113
22139
22191
22217
22243
22269
22321
22347
22373
22399
22451
22477
22503
22529
22581
22607
22633
22659
22711
22737
22763
22789
22841
22867
22893
22919
22971
22997
23023
23049
23101
23127
23153
23179
23231
23257
23283
23309
23361
23387
23413
23439
23491
23517
23543
23569
23621
23647
23673
23699
23751
23777
23803
23829
23881
23907
23933
23959
24011
24037
24063
24089
24141
24167
24193
24219
24271
24297
24323
24349
24401
24427
24453
24479
24531
24557
24583
24609
24661
24687
24713
24739
24791
24817
24843
24869
24921
24947
24973
24999
25051
25077
25103
25129
25181
25207
25233
25259
25311
25337
25363
25389
25441
25467
25493
25519
25571
25597
25623
25649
25701
25727
25753
25779
25831
25857
25883
25909
25961
25987
26013
26039
26091
26117
26143
26169
26221
26247
26273
26299
26351
26377
26403
26429
26481
26507
26533
26559
26611
26637
26663
26689
26741
26767
26793
26819
26871
26897
26923
26949
27001
27027
27053
27079
27131
27157
27183
27209
27261
27287
27313
27339
27391
27417
27443
27469
27521
27547
27573
27599
27651
27677
27703
27729
27781
27807
27833
27859
27911
27937
27963
27989
28041
28067
28093
28119
28171
28197
28223
28249
28301
28327
28353
28379
28431
28457
28483
28509
28561
28587
28613
28639
28691
28717
28743
28769
28821
28847
28873
28899
28951
28977
29003
29029
29081
29107
29133
29159
29211
29237
29263
29289
29341
29367
29393
29419
29471
29497
29523
29549
29601
29627
29653
29679
29731
29757
29783
29809
29861
29887
29913
29939
29991
30017
30043
30069
30121
30147
30173
30199
30251
30277
30303
30329
30381
30407
30433
30459
30511
30537
30563
30589
30641
30667
30693
30719
30771
30797
30823
30849
30901
30927
30953
30979
31031
31057
31083
31109
31161
31187
31213
31239
31291
31317
31343
31369
31421
31447
31473
31499
31551
31577
31603
51
119
153
187
221
289
323
357
391
459
493
527
561
629
663
697
731
799
833
867
901
969
1003
1037
1071
1139
1173
1207
1241
1309
1343
1377
1411
1479
1513
1547
1581
1649
1683
1717
1751
1819
1853
1887
1921
1989
2023
2057
2091
2159
2193
2227
2261
2329
2363
2397
2431
2499
2533
2567
2601
2669
2703
2737
2771
2839
2873
2907
2941
3009
3043
3077
3111
3179
3213
3247
3281
3349
3383
3417
3451
3519
3553
3587
3621
3689
3723
3757
3791
3859
3893
3927
3961
4029
4063
4097
4131
4199
4233
4267
4301
4369
4403
4437
4471
4539
4573
4607
4641
4709
4743
4777
4811
4879
4913
4947
4981
5049
5083
5117
5151
5219
5253
5287
5321
5389
5423
5457
5491
5559
5593
5627
5661
5729
5763
5797
5831
5899
5933
5967
6001
6069
6103
6137
6171
6239
6273
6307
6341
6409
6443
6477
6511
6579
6613
6647
6681
6749
6783
6817
6851
6919
6953
6987
7021
7089
7123
7157
7191
7259
7293
7327
7361
7429
7463
7497
7531
7599
7633
7667
7701
7769
7803
7837
7871
7939
7973
8007
8041
8109
8143
8177
8211
8279
8313
8347
8381
8449
8483
8517
8551
8619
8653
8687
8721
8789
8823
8857
8891
8959
8993
9027
9061
9129
9163
9197
9231
9299
9333
9367
9401
9469
9503
9537
9571
9639
9673
9707
9741
9809
9843
9877
9911
9979
10013
10047
10081
10149
10183
10217
10251
10319
10353
10387
10421
10489
10523
10557
10591
10659
10693
10727
10761
10829
10863
10897
10931
10999
11033
11067
11101
11169
11203
11237
11271
11339
11373
11407
11441
11509
11543
11577
11611
11679
11713
11747
11781
11849
11883
11917
11951
12019
12053
12087
12121
12189
12223
12257
12291
12359
12393
12427
12461
12529
12563
12597
12631
12699
12733
12767
12801
12869
12903
12937
12971
13039
13073
13107
13141
13209
13243
13277
13311
13379
13413
13447
13481
13549
13583
13617
13651
13719
13753
13787
13821
13889
13923
13957
13991
14059
14093
14127
14161
14229
14263
14297
14331
14399
14433
14467
14501
14569
14603
14637
14671
14739
14773
14807
14841
14909
14943
14977
15011
15079
15113
15147
15181
15249
15283
15317
15351
15419
15453
15487
15521
15589
15623
15657
15691
15759
15793
15827
15861
15929
15963
15997
16031
16099
16133
16167
16201
16269
16303
16337
16371
16439
16473
16507
16541
16609
16643
16677
16711
16779
16813
16847
16881
16949
16983
17017
17051
17119
17153
17187
17221
17289
17323
17357
17391
17459
17493
17527
17561
17629
17663
17697
17731
17799
17833
17867
17901
17969
18003
18037
18071
18139
18173
18207
18241
18309
18343
18377
18411
18479
18513
18547
18581
18649
18683
18717
18751
18819
18853
18887
18921
18989
19023
19057
19091
19159
19193
19227
19261
19329
19363
19397
19431
19499
19533
19567
19601
19669
19703
19737
19771
19839
19873
19907
19941
20009
20043
20077
20111
20179
20213
20247
20281
20349
20383
20417
20451
20519
20553
20587
20621
20689
20723
20757
20791
20859
20893
20927
20961
21029
21063
21097
21131
21199
21233
21267
21301
21369
21403
21437
21471
21539
21573
21607
21641
21709
21743
21777
21811
21879
21913
21947
21981
22049
22083
22117
22151
22219
22253
22287
22321
22389
22423
22457
22491
22559
22593
22627
22661
22729
22763
22797
22831
22899
22933
22967
23001
23069
23103
23137
23171
23239
23273
23307
23341
23409
23443
23477
23511
23579
23613
23647
23681
23749
23783
23817
23851
23919
23953
23987
24021
24089
24123
24157
24191
24259
24293
24327
24361
24429
24463
24497
24531
24599
24633
24667
24701
24769
24803
24837
24871
24939
24973
25007
25041
25109
25143
25177
25211
25279
25313
25347
25381
25449
25483
25517
25551
25619
25653
25687
25721
25789
25823
25857
25891
25959
25993
26027
26061
26129
26163
26197
26231
26299
26333
26367
26401
26469
26503
26537
26571
26639
26673
26707
26741
26809
26843
26877
26911
26979
27013
27047
27081
27149
27183
27217
27251
27319
27353
27387
27421
27489
27523
27557
27591
27659
27693
27727
27761
27829
27863
27897
27931
27999
28033
28067
28101
28169
28203
28237
28271
28339
28373
28407
28441
28509
28543
28577
28611
28679
28713
28747
28781
28849
28883
28917
28951
29019
29053
29087
29121
29189
29223
29257
29291
29359
29393
29427
29461
29529
29563
29597
29631
29699
29733
29767
29801
29869
29903
29937
29971
30039
30073
30107
30141
30209
30243
30277
30311
30379
30413
30447
30481
30549
30583
30617
30651
30719
30753
30787
30821
30889
30923
30957
30991
31059
31093
31127
31161
31229
31263
31297
31331
31399
31433
31467
31501
31569
31603
57
133
171
209
247
323
361
399
437
513
551
589
627
703
741
779
817
893
931
969
1007
1083
1121
1159
1197
1273
1311
1349
1387
1463
1501
1539
1577
1653
1691
1729
1767
1843
1881
1919
1957
2033
2071
2109
2147
2223
2261
2299
2337
2413
2451
2489
2527
2603
2641
2679
2717
2793
2831
2869
2907
2983
3021
3059
3097
3173
3211
3249
3287
3363
3401
3439
3477
3553
3591
3629
3667
3743
3781
3819
3857
3933
3971
4009
4047
4123
4161
4199
4237
4313
4351
4389
4427
4503
4541
4579
4617
4693
4731
4769
4807
4883
4921
4959
4997
5073
5111
5149
5187
5263
5301
5339
5377
5453
5491
5529
5567
5643
5681
5719
5757
5833
5871
5909
5947
6023
6061
6099
6137
6213
6251
6289
6327
6403
6441
6479
6517
6593
6631
6669
6707
6783
6821
6859
6897
6973
7011
7049
7087
7163
7201
7239
7277
7353
7391
7429
7467
7543
7581
7619
7657
7733
7771
7809
7847
7923
7961
7999
8037
8113
8151
8189
8227
8303
8341
8379
8417
8493
8531
8569
8607
8683
8721
8759
8797
8873
8911
8949
8987
9063
9101
9139
9177
9253
9291
9329
9367
9443
9481
9519
9557
9633
9671
9709
9747
9823
9861
9899
9937
10013
10051
10089
10127
10203
10241
10279
10317
10393
10431
10469
10507
10583
10621
10659
10697
10773
10811
10849
10887
10963
11001
11039
11077
11153
11191
11229
11267
11343
11381
11419
11457
11533
11571
11609
11647
11723
11761
11799
11837
11913
11951
11989
12027
12103
12141
12179
12217
12293
12331
12369
12407
12483
12521
12559
12597
12673
12711
12749
12787
12863
12901
12939
12977
13053
13091
13129
13167
13243
13281
13319
13357
13433
13471
13509
13547
13623
13661
13699
13737
13813
13851
13889
13927
14003
14041
14079
14117
14193
14231
14269
14307
14383
14421
14459
14497
14573
14611
14649
14687
14763
14801
14839
14877
14953
14991
15029
15067
15143
15181
15219
15257
15333
15371
15409
15447
15523
15561
15599
15637
15713
15751
15789
15827
15903
15941
15979
16017
16093
16131
16169
16207
16283
16321
16359
16397
16473
16511
16549
16587
16663
16701
16739
16777
16853
16891
16929
16967
17043
17081
17119
17157
17233
17271
17309
17347
17423
17461
17499
17537
17613
17651
17689
17727
17803
17841
17879
17917
17993
18031
18069
18107
18183
18221
18259
18297
18373
18411
18449
18487
18563
18601
18639
18677
18753
18791
18829
18867
18943
18981
19019
19057
19133
19171
19209
19247
19323
19361
19399
19437
19513
19551
19589
19627
19703
19741
19779
19817
19893
19931
19969
20007
20083
20121
20159
20197
20273
20311
20349
20387
20463
20501
20539
20577
20653
20691
20729
20767
20843
20881
20919
20957
21033
21071
21109
21147
21223
21261
21299
21337
21413
21451
21489
21527
21603
21641
21679
21717
21793
21831
21869
21907
21983
22021
22059
22097
22173
22211
22249
22287
22363
22401
22439
22477
22553
22591
22629
22667
22743
22781
22819
22857
22933
22971
23009
23047
23123
23161
23199
23237
23313
23351
23389
23427
23503
23541
23579
23617
23693
23731
23769
23807
23883
23921
23959
23997
24073
24111
24149
24187
24263
24301
24339
24377
24453
24491
24529
24567
24643
24681
24719
24757
24833
24871
24909
24947
25023
25061
25099
25137
25213
25251
25289
25327
25403
25441
25479
25517
25593
25631
25669
25707
25783
25821
25859
25897
25973
26011
26049
26087
26163
26201
26239
26277
26353
26391
26429
26467
26543
26581
26619
26657
26733
26771
26809
26847
26923
26961
26999
27037
27113
27151
27189
27227
27303
27341
27379
27417
27493
27531
27569
27607
27683
27721
27759
27797
27873
27911
27949
27987
28063
28101
28139
28177
28253
28291
28329
28367
28443
28481
28519
28557
28633
28671
28709
28747
28823
28861
28899
28937
29013
29051
29089
29127
29203
29241
29279
29317
29393
29431
29469
29507
29583
29621
29659
29697
29773
29811
29849
29887
29963
30001
30039
30077
30153
30191
30229
30267
30343
30381
30419
30457
30533
30571
30609
30647
30723
30761
30799
30837
30913
30951
30989
31027
31103
31141
31179
31217
31293
31331
31369
31407
31483
31521
31559
31597
69
161
207
253
299
391
437
483
529
621
667
713
759
851
897
943
989
1081
1127
1173
1219
1311
1357
1403
1449
1541
1587
1633
1679
1771
1817
1863
1909
2001
2047
2093
2139
2231
2277
2323
2369
2461
2507
2553
2599
2691
2737
2783
2829
2921
2967
3013
3059
3151
3197
3243
3289
3381
3427
3473
3519
3611
3657
3703
3749
3841
3887
3933
3979
4071
4117
4163
4209
4301
4347
4393
4439
4531
4577
4623
4669
4761
4807
4853
4899
4991
5037
5083
5129
5221
5267
5313
5359
5451
5497
5543
5589
5681
5727
5773
5819
5911
5957
6003
6049
6141
6187
6233
6279
6371
6417
6463
6509
6601
6647
6693
6739
6831
6877
6923
6969
7061
7107
7153
7199
7291
7337
7383
7429
7521
7567
7613
7659
7751
7797
7843
7889
7981
8027
8073
8119
8211
8257
8303
8349
8441
8487
8533
8579
8671
8717
8763
8809
8901
8947
8993
9039
9131
9177
9223
9269
9361
9407
9453
9499
9591
9637
9683
9729
9821
9867
9913
9959
10051
10097
10143
10189
10281
10327
10373
10419
10511
10557
10603
10649
10741
10787
10833
10879
10971
11017
11063
11109
11201
11247
11293
11339
11431
11477
11523
11569
11661
11707
11753
11799
11891
11937
11983
12029
12121
12167
12213
12259
12351
12397
12443
12489
12581
12627
12673
12719
12811
12857
12903
12949
13041
13087
13133
13179
13271
13317
13363
13409
13501
13547
13593
13639
13731
13777
13823
13869
13961
14007
14053
14099
14191
14237
14283
14329
14421
14467
14513
14559
14651
14697
14743
14789
14881
14927
14973
15019
15111
15157
15203
15249
15341
15387
15433
15479
15571
15617
15663
15709
15801
15847
15893
15939
16031
16077
16123
16169
16261
16307
16353
16399
16491
16537
16583
16629
16721
16767
16813
16859
16951
16997
17043
17089
17181
17227
17273
17319
17411
17457
17503
17549
17641
17687
17733
17779
17871
17917
17963
18009
18101
18147
18193
18239
18331
18377
18423
18469
18561
18607
18653
18699
18791
18837
18883
18929
19021
19067
19113
19159
19251
19297
19343
19389
19481
19527
19573
19619
19711
19757
19803
19849
19941
19987
20033
20079
20171
20217
20263
20309
20401
20447
20493
20539
20631
20677
20723
20769
20861
20907
20953
20999
21091
21137
21183
21229
21321
21367
21413
21459
21551
21597
21643
21689
21781
21827
21873
21919
22011
22057
22103
22149
22241
22287
22333
22379
22471
22517
22563
22609
22701
22747
22793
22839
22931
22977
23023
23069
23161
23207
23253
23299
23391
23437
23483
23529
23621
23667
23713
23759
23851
23897
23943
23989
24081
24127
24173
24219
24311
24357
24403
24449
24541
24587
24633
24679
24771
24817
24863
24909
25001
25047
25093
25139
25231
25277
25323
25369
25461
25507
25553
25599
25691
25737
25783
25829
25921
25967
26013
26059
26151
26197
26243
26289
26381
26427
26473
26519
26611
26657
26703
26749
26841
26887
26933
26979
27071
27117
27163
27209
27301
27347
27393
27439
27531
27577
27623
27669
27761
27807
27853
27899
27991
28037
28083
28129
28221
28267
28313
28359
28451
28497
28543
28589
28681
28727
28773
28819
28911
28957
29003
29049
29141
29187
29233
29279
29371
29417
29463
29509
29601
29647
29693
29739
29831
29877
29923
29969
30061
30107
30153
30199
30291
30337
30383
30429
30521
30567
30613
30659
30751
30797
30843
30889
30981
31027
31073
31119
31211
31257
31303
31349
31441
31487
31533
31579
87
203
261
319
377
493
551
609
667
783
841
899
957
1073
1131
1189
1247
1363
1421
1479
1537
1653
1711
1769
1827
1943
2001
2059
2117
2233
2291
2349
2407
2523
2581
2639
2697
2813
2871
2929
2987
3103
3161
3219
3277
3393
3451
3509
3567
3683
3741
3799
3857
3973
4031
4089
4147
4263
4321
4379
4437
4553
4611
4669
4727
4843
4901
4959
5017
5133
5191
5249
5307
5423
5481
5539
5597
5713
5771
5829
5887
6003
6061
6119
6177
6293
6351
6409
6467
6583
6641
6699
6757
6873
6931
6989
7047
7163
7221
7279
7337
7453
7511
7569
7627
7743
7801
7859
7917
8033
8091
8149
8207
8323
8381
8439
8497
8613
8671
8729
8787
8903
8961
9019
9077
9193
9251
9309
9367
9483
9541
9599
9657
9773
9831
9889
9947
10063
10121
10179
10237
10353
10411
10469
10527
10643
10701
10759
10817
10933
10991
11049
11107
11223
11281
11339
11397
11513
11571
11629
11687
11803
11861
11919
11977
12093
12151
12209
12267
12383
12441
12499
12557
12673
12731
12789
12847
12963
13021
13079
13137
13253
13311
13369
13427
13543
13601
13659
13717
13833
13891
13949
14007
14123
14181
14239
14297
14413
14471
14529
14587
14703
14761
14819
14877
14993
15051
15109
15167
15283
15341
15399
15457
15573
15631
15689
15747
15863
15921
15979
16037
16153
16211
16269
16327
16443
16501
16559
16617
16733
16791
16849
16907
17023
17081
17139
17197
17313
17371
17429
17487
17603
17661
17719
17777
17893
17951
18009
18067
18183
18241
18299
18357
18473
18531
18589
18647
18763
18821
18879
18937
19053
19111
19169
19227
19343
19401
19459
19517
19633
19691
19749
19807
19923
19981
20039
20097
20213
20271
20329
20387
20503
20561
20619
20677
20793
20851
20909
20967
21083
21141
21199
21257
21373
21431
21489
21547
21663
21721
21779
21837
21953
22011
22069
22127
22243
22301
22359
22417
22533
22591
22649
22707
22823
22881
22939
22997
23113
23171
23229
23287
23403
23461
23519
23577
23693
23751
23809
23867
23983
24041
24099
24157
24273
24331
24389
24447
24563
24621
24679
24737
24853
24911
24969
25027
25143
25201
25259
25317
25433
25491
25549
25607
25723
25781
25839
25897
26013
26071
26129
26187
26303
26361
26419
26477
26593
26651
26709
26767
26883
26941
26999
27057
27173
27231
27289
27347
27463
27521
27579
27637
27753
27811
27869
27927
28043
28101
28159
28217
28333
28391
28449
28507
28623
28681
28739
28797
28913
28971
29029
29087
29203
29261
29319
29377
29493
29551
29609
29667
29783
29841
29899
29957
30073
30131
30189
30247
30363
30421
30479
30537
30653
30711
30769
30827
30943
31001
31059
31117
31233
31291
31349
31407
31523
31581
93
217
279
341
403
527
589
651
713
837
899
961
1023
1147
1209
1271
1333
1457
1519
1581
1643
1767
1829
1891
1953
2077
2139
2201
2263
2387
2449
2511
2573
2697
2759
2821
2883
3007
3069
3131
3193
3317
3379
3441
3503
3627
3689
3751
3813
3937
3999
4061
4123
4247
4309
4371
4433
4557
4619
4681
4743
4867
4929
4991
5053
5177
5239
5301
5363
5487
5549
5611
5673
5797
5859
5921
5983
6107
6169
6231
6293
6417
6479
6541
6603
6727
6789
6851
6913
7037
7099
7161
7223
7347
7409
7471
7533
7657
7719
7781
7843
7967
8029
8091
8153
8277
8339
8401
8463
8587
8649
8711
8773
8897
8959
9021
9083
9207
9269
9331
9393
9517
9579
9641
9703
9827
9889
9951
10013
10137
10199
10261
10323
10447
10509
10571
10633
10757
10819
10881
10943
11067
11129
11191
11253
11377
11439
11501
11563
11687
11749
11811
11873
11997
12059
12121
12183
12307
12369
12431
12493
12617
12679
12741
12803
12927
12989
13051
13113
13237
13299
13361
13423
13547
13609
13671
13733
13857
13919
13981
14043
14167
14229
14291
14353
14477
14539
14601
14663
14787
14849
14911
14973
15097
15159
15221
15283
15407
15469
15531
15593
15717
15779
15841
15903
16027
16089
16151
16213
16337
16399
16461
16523
16647
16709
16771
16833
16957
17019
17081
17143
17267
17329
17391
17453
17577
17639
17701
17763
17887
17949
18011
18073
18197
18259
18321
18383
18507
18569
18631
18693
18817
18879
18941
19003
19127
19189
19251
19313
19437
19499
19561
19623
19747
19809
19871
19933
20057
20119
20181
20243
20367
20429
20491
20553
20677
20739
20801
20863
20987
21049
21111
21173
21297
21359
21421
21483
21607
21669
21731
21793
21917
21979
22041
22103
22227
22289
22351
22413
22537
22599
22661
22723
22847
22909
22971
23033
23157
23219
23281
23343
23467
23529
23591
23653
23777
23839
23901
23963
24087
24149
24211
24273
24397
24459
24521
24583
24707
24769
24831
24893
25017
25079
25141
25203
25327
25389
25451
25513
25637
25699
25761
25823
25947
26009
26071
26133
26257
26319
26381
26443
26567
26629
26691
26753
26877
26939
27001
27063
27187
27249
27311
27373
27497
27559
27621
27683
27807
27869
27931
27993
28117
28179
28241
28303
28427
28489
28551
28613
28737
28799
28861
28923
29047
29109
29171
29233
29357
29419
29481
29543
29667
29729
29791
29853
29977
30039
30101
30163
30287
30349
30411
30473
30597
30659
30721
30783
30907
30969
31031
31093
31217
31279
31341
31403
31527
31589
111
259
333
407
481
629
703
777
851
999
1073
1147
1221
1369
1443
1517
1591
1739
1813
1887
1961
2109
2183
2257
2331
2479
2553
2627
2701
2849
2923
2997
3071
3219
3293
3367
3441
3589
3663
3737
3811
3959
4033
4107
4181
4329
4403
4477
4551
4699
4773
4847
4921
5069
5143
5217
5291
5439
5513
5587
5661
5809
5883
5957
6031
6179
6253
6327
6401
6549
6623
6697
6771
6919
6993
7067
7141
7289
7363
7437
7511
7659
7733
7807
7881
8029
8103
8177
8251
8399
8473
8547
8621
8769
8843
8917
8991
9139
9213
9287
9361
9509
9583
9657
9731
9879
9953
10027
10101
10249
10323
10397
10471
10619
10693
10767
10841
10989
11063
11137
11211
11359
11433
11507
11581
11729
11803
11877
11951
12099
12173
12247
12321
12469
12543
12617
12691
12839
12913
12987
13061
13209
13283
13357
13431
13579
13653
13727
13801
13949
14023
14097
14171
14319
14393
14467
14541
14689
14763
14837
14911
15059
15133
15207
15281
15429
15503
15577
15651
15799
15873
15947
16021
16169
16243
16317
16391
16539
16613
16687
16761
16909
16983
17057
17131
17279
17353
17427
17501
17649
17723
17797
17871
18019
18093
18167
18241
18389
18463
18537
18611
18759
18833
18907
18981
19129
19203
19277
19351
19499
19573
19647
19721
19869
19943
20017
20091
20239
20313
20387
20461
20609
20683
20757
20831
20979
21053
21127
21201
21349
21423
21497
21571
21719
21793
21867
21941
22089
22163
22237
22311
22459
22533
22607
22681
22829
22903
22977
23051
23199
23273
23347
23421
23569
23643
23717
23791
23939
24013
24087
24161
24309
24383
24457
24531
24679
24753
24827
24901
25049
25123
25197
25271
25419
25493
25567
25641
25789
25863
25937
26011
26159
26233
26307
26381
26529
26603
26677
26751
26899
26973
27047
27121
27269
27343
27417
27491
27639
27713
27787
27861
28009
28083
28157
28231
28379
28453
28527
28601
28749
28823
28897
28971
29119
29193
29267
29341
29489
29563
29637
29711
29859
29933
30007
30081
30229
30303
30377
30451
30599
30673
30747
30821
30969
31043
31117
31191
31339
31413
31487
31561
123
287
369
451
533
697
779
861
943
1107
1189
1271
1353
1517
1599
1681
1763
1927
2009
2091
2173
2337
2419
2501
2583
2747
2829
2911
2993
3157
3239
3321
3403
3567
3649
3731
3813
3977
4059
4141
4223
4387
4469
4551
4633
4797
4879
4961
5043
5207
5289
5371
5453
5617
5699
5781
5863
6027
6109
6191
6273
6437
6519
6601
6683
6847
6929
7011
7093
7257
7339
7421
7503
7667
7749
7831
7913
8077
8159
8241
8323
8487
8569
8651
8733
8897
8979
9061
9143
9307
9389
9471
9553
9717
9799
9881
9963
10127
10209
10291
10373
10537
10619
10701
10783
10947
11029
11111
11193
11357
11439
11521
11603
11767
11849
11931
12013
12177
12259
12341
12423
12587
12669
12751
12833
12997
13079
13161
13243
13407
13489
13571
13653
13817
13899
13981
14063
14227
14309
14391
14473
14637
14719
14801
14883
15047
15129
15211
15293
15457
15539
15621
15703
15867
15949
16031
16113
16277
16359
16441
16523
16687
16769
16851
16933
17097
17179
17261
17343
17507
17589
17671
17753
17917
17999
18081
18163
18327
18409
18491
18573
18737
18819
18901
18983
19147
19229
19311
19393
19557
19639
19721
19803
19967
20049
20131
20213
20377
20459
20541
20623
20787
20869
20951
21033
21197
21279
21361
21443
21607
21689
21771
21853
22017
22099
22181
22263
22427
22509
22591
22673
22837
22919
23001
23083
23247
23329
23411
23493
23657
23739
23821
23903
24067
24149
24231
24313
24477
24559
24641
24723
24887
24969
25051
25133
25297
25379
25461
25543
25707
25789
25871
25953
26117
26199
26281
26363
26527
26609
26691
26773
26937
27019
27101
27183
27347
27429
27511
27593
27757
27839
27921
28003
28167
28249
28331
28413
28577
28659
28741
28823
28987
29069
29151
29233
29397
29479
29561
29643
29807
29889
29971
30053
30217
30299
30381
30463
30627
30709
30791
30873
31037
31119
31201
31283
31447
31529
31611
129
301
387
473
559
731
817
903
989
1161
1247
1333
1419
1591
1677
1763
1849
2021
2107
2193
2279
2451
2537
2623
2709
2881
2967
3053
3139
3311
3397
3483
3569
3741
3827
3913
3999
4171
4257
4343
4429
4601
4687
4773
4859
5031
5117
5203
5289
5461
5547
5633
5719
5891
5977
6063
6149
6321
6407
6493
6579
6751
6837
6923
7009
7181
7267
7353
7439
7611
7697
7783
7869
8041
8127
8213
8299
8471
8557
8643
8729
8901
8987
9073
9159
9331
9417
9503
9589
9761
9847
9933
10019
10191
10277
10363
10449
10621
10707
10793
10879
11051
11137
11223
11309
11481
11567
11653
11739
11911
11997
12083
12169
12341
12427
12513
12599
12771
12857
12943
13029
13201
13287
13373
13459
13631
13717
13803
13889
14061
14147
14233
14319
14491
14577
14663
14749
14921
15007
15093
15179
15351
15437
15523
15609
15781
15867
15953
16039
16211
16297
16383
16469
16641
16727
16813
16899
17071
17157
17243
17329
17501
17587
17673
17759
17931
18017
18103
18189
18361
18447
18533
18619
18791
18877
18963
19049
19221
19307
19393
19479
19651
19737
19823
19909
20081
20167
20253
20339
20511
20597
20683
20769
20941
21027
21113
21199
21371
21457
21543
21629
21801
21887
21973
22059
22231
22317
22403
22489
22661
22747
22833
22919
23091
23177
23263
23349
23521
23607
23693
23779
23951
24037
24123
24209
24381
24467
24553
24639
24811
24897
24983
25069
25241
25327
25413
25499
25671
25757
25843
25929
26101
26187
26273
26359
26531
26617
26703
26789
26961
27047
27133
27219
27391
27477
27563
27649
27821
27907
27993
28079
28251
28337
28423
28509
28681
28767
28853
28939
29111
29197
29283
29369
29541
29627
29713
29799
29971
30057
30143
30229
30401
30487
30573
30659
30831
30917
31003
31089
31261
31347
31433
31519
141
329
423
517
611
799
893
987
1081
1269
1363
1457
1551
1739
1833
1927
2021
2209
2303
2397
2491
2679
2773
2867
2961
3149
3243
3337
3431
3619
3713
3807
3901
4089
4183
4277
4371
4559
4653
4747
4841
5029
5123
5217
5311
5499
5593
5687
5781
5969
6063
6157
6251
6439
6533
6627
6721
6909
7003
7097
7191
7379
7473
7567
7661
7849
7943
8037
8131
8319
8413
8507
8601
8789
8883
8977
9071
9259
9353
9447
9541
9729
9823
9917
10011
10199
10293
10387
10481
10669
10763
10857
10951
11139
11233
11327
11421
11609
11703
11797
11891
12079
12173
12267
12361
12549
12643
12737
12831
13019
13113
13207
13301
13489
13583
13677
13771
13959
14053
14147
14241
14429
14523
14617
14711
14899
14993
15087
15181
15369
15463
15557
15651
15839
15933
16027
16121
16309
16403
16497
16591
16779
16873
16967
17061
17249
17343
17437
17531
17719
17813
17907
18001
18189
18283
18377
18471
18659
18753
18847
18941
19129
19223
19317
19411
19599
19693
19787
19881
20069
20163
20257
20351
20539
20633
20727
20821
21009
21103
21197
21291
21479
21573
21667
21761
21949
22043
22137
22231
22419
22513
22607
22701
22889
22983
23077
23171
23359
23453
23547
23641
23829
23923
24017
24111
24299
24393
24487
24581
24769
24863
24957
25051
25239
25333
25427
25521
25709
25803
25897
25991
26179
26273
26367
26461
26649
26743
26837
26931
27119
27213
27307
27401
27589
27683
27777
27871
28059
28153
28247
28341
28529
28623
28717
28811
28999
29093
29187
29281
29469
29563
29657
29751
29939
30033
30127
30221
30409
30503
30597
30691
30879
30973
31067
31161
31349
31443
31537
159
371
477
583
689
901
1007
1113
1219
1431
1537
1643
1749
1961
2067
2173
2279
2491
2597
2703
2809
3021
3127
3233
3339
3551
3657
3763
3869
4081
4187
4293
4399
4611
4717
4823
4929
5141
5247
5353
5459
5671
5777
5883
5989
6201
6307
6413
6519
6731
6837
6943
7049
7261
7367
7473
7579
7791
7897
8003
8109
8321
8427
8533
8639
8851
8957
9063
9169
9381
9487
9593
9699
9911
10017
10123
10229
10441
10547
10653
10759
10971
11077
11183
11289
11501
11607
11713
11819
12031
12137
12243
12349
12561
12667
12773
12879
13091
13197
13303
13409
13621
13727
13833
13939
14151
14257
14363
14469
14681
14787
14893
14999
15211
15317
15423
15529
15741
15847
15953
16059
16271
16377
16483
16589
16801
16907
17013
17119
17331
17437
17543
17649
17861
17967
18073
18179
18391
18497
18603
18709
18921
19027
19133
19239
19451
19557
19663
19769
19981
20087
20193
20299
20511
20617
20723
20829
21041
21147
21253
21359
21571
21677
21783
21889
22101
22207
22313
22419
22631
22737
22843
22949
23161
23267
23373
23479
23691
23797
23903
24009
24221
24327
24433
24539
24751
24857
24963
25069
25281
25387
25493
25599
25811
25917
26023
26129
26341
26447
26553
26659
26871
26977
27083
27189
27401
27507
27613
27719
27931
28037
28143
28249
28461
28567
28673
28779
28991
29097
29203
29309
29521
29627
29733
29839
30051
30157
30263
30369
30581
30687
30793
30899
31111
31217
31323
31429
177
413
531
649
767
1003
1121
1239
1357
1593
1711
1829
1947
2183
2301
2419
2537
2773
2891
3009
3127
3363
3481
3599
3717
3953
4071
4189
4307
4543
4661
4779
4897
5133
5251
5369
5487
5723
5841
5959
6077
6313
6431
6549
6667
6903
7021
7139
7257
7493
7611
7729
7847
8083
8201
8319
8437
8673
8791
8909
9027
9263
9381
9499
9617
9853
9971
10089
10207
10443
10561
10679
10797
11033
11151
11269
11387
11623
11741
11859
11977
12213
12331
12449
12567
12803
12921
13039
13157
13393
13511
13629
13747
13983
14101
14219
14337
14573
14691
14809
14927
15163
15281
15399
15517
15753
15871
15989
16107
16343
16461
16579
16697
16933
17051
17169
17287
17523
17641
17759
17877
18113
18231
18349
18467
18703
18821
18939
19057
19293
19411
19529
19647
19883
20001
20119
20237
20473
20591
20709
20827
21063
21181
21299
21417
21653
21771
21889
22007
22243
22361
22479
22597
22833
22951
23069
23187
23423
23541
23659
23777
24013
24131
24249
24367
24603
24721
24839
24957
25193
25311
25429
25547
25783
25901
26019
26137
26373
26491
26609
26727
26963
27081
27199
27317
27553
27671
27789
27907
28143
28261
28379
28497
28733
28851
28969
29087
29323
29441
29559
29677
29913
30031
30149
30267
30503
30621
30739
30857
31093
31211
31329
31447
183
427
549
671
793
1037
1159
1281
1403
1647
1769
1891
2013
2257
2379
2501
2623
2867
2989
3111
3233
3477
3599
3721
3843
4087
4209
4331
4453
4697
4819
4941
5063
5307
5429
5551
5673
5917
6039
6161
6283
6527
6649
6771
6893
7137
7259
7381
7503
7747
7869
7991
8113
8357
8479
8601
8723
8967
9089
9211
9333
9577
9699
9821
9943
10187
10309
10431
10553
10797
10919
11041
11163
11407
11529
11651
11773
12017
12139
12261
12383
12627
12749
12871
12993
13237
13359
13481
13603
13847
13969
14091
14213
14457
14579
14701
14823
15067
15189
15311
15433
15677
15799
15921
16043
16287
16409
16531
16653
16897
17019
17141
17263
17507
17629
17751
17873
18117
18239
18361
18483
18727
18849
18971
19093
19337
19459
19581
19703
19947
20069
20191
20313
20557
20679
20801
20923
21167
21289
21411
21533
21777
21899
22021
22143
22387
22509
22631
22753
22997
23119
23241
23363
23607
23729
23851
23973
24217
24339
24461
24583
24827
24949
25071
25193
25437
25559
25681
25803
26047
26169
26291
26413
26657
26779
26901
27023
27267
27389
27511
27633
27877
27999
28121
28243
28487
28609
28731
28853
29097
29219
29341
29463
29707
29829
29951
30073
30317
30439
30561
30683
30927
31049
31171
31293
31537
201
469
603
737
871
1139
1273
1407
1541
1809
1943
2077
2211
2479
2613
2747
2881
3149
3283
3417
3551
3819
3953
4087
4221
4489
4623
4757
4891
5159
5293
5427
5561
5829
5963
6097
6231
6499
6633
6767
6901
7169
7303
7437
7571
7839
7973
8107
8241
8509
8643
8777
8911
9179
9313
9447
9581
9849
9983
10117
10251
10519
10653
10787
10921
11189
11323
11457
11591
11859
11993
12127
12261
12529
12663
12797
12931
13199
13333
13467
13601
13869
14003
14137
14271
14539
14673
14807
14941
15209
15343
15477
15611
15879
16013
16147
16281
16549
16683
16817
16951
17219
17353
17487
17621
17889
18023
18157
18291
18559
18693
18827
18961
19229
19363
19497
19631
19899
20033
20167
20301
20569
20703
20837
20971
21239
21373
21507
21641
21909
22043
22177
22311
22579
22713
22847
22981
23249
23383
23517
23651
23919
24053
24187
24321
24589
24723
24857
24991
25259
25393
25527
25661
25929
26063
26197
26331
26599
26733
26867
27001
27269
27403
27537
27671
27939
28073
28207
28341
28609
28743
28877
29011
29279
29413
29547
29681
29949
30083
30217
30351
30619
30753
30887
31021
31289
31423
31557
213
497
639
781
923
1207
1349
1491
1633
1917
2059
2201
2343
2627
2769
2911
3053
3337
3479
3621
3763
4047
4189
4331
4473
4757
4899
5041
5183
5467
5609
5751
5893
6177
6319
6461
6603
6887
7029
7171
7313
7597
7739
7881
8023
8307
8449
8591
8733
9017
9159
9301
9443
9727
9869
10011
10153
10437
10579
10721
10863
11147
11289
11431
11573
11857
11999
12141
12283
12567
12709
12851
12993
13277
13419
13561
13703
13987
14129
14271
14413
14697
14839
14981
15123
15407
15549
15691
15833
16117
16259
16401
16543
16827
16969
17111
17253
17537
17679
17821
17963
18247
18389
18531
18673
18957
19099
19241
19383
19667
19809
19951
20093
20377
20519
20661
20803
21087
21229
21371
21513
21797
21939
22081
22223
22507
22649
22791
22933
23217
23359
23501
23643
23927
24069
24211
24353
24637
24779
24921
25063
25347
25489
25631
25773
26057
26199
26341
26483
26767
26909
27051
27193
27477
27619
27761
27903
28187
28329
28471
28613
28897
29039
29181
29323
29607
29749
29891
30033
30317
30459
30601
30743
31027
31169
31311
31453
219
511
657
803
949
1241
1387
1533
1679
1971
2117
2263
2409
2701
2847
2993
3139
3431
3577
3723
3869
4161
4307
4453
4599
4891
5037
5183
5329
5621
5767
5913
6059
6351
6497
6643
6789
7081
7227
7373
7519
7811
7957
8103
8249
8541
8687
8833
8979
9271
9417
9563
9709
10001
10147
10293
10439
10731
10877
11023
11169
11461
11607
11753
11899
12191
12337
12483
12629
12921
13067
13213
13359
13651
13797
13943
14089
14381
14527
14673
14819
15111
15257
15403
15549
15841
15987
16133
16279
16571
16717
16863
17009
17301
17447
17593
17739
18031
18177
18323
18469
18761
18907
19053
19199
19491
19637
19783
19929
20221
20367
20513
20659
20951
21097
21243
21389
21681
21827
21973
22119
22411
22557
22703
22849
23141
23287
23433
23579
23871
24017
24163
24309
24601
24747
24893
25039
25331
25477
25623
25769
26061
26207
26353
26499
26791
26937
27083
27229
27521
27667
27813
27959
28251
28397
28543
28689
28981
29127
29273
29419
29711
29857
30003
30149
30441
30587
30733
30879
31171
31317
31463
31609
237
553
711
869
1027
1343
1501
1659
1817
2133
2291
2449
2607
2923
3081
3239
3397
3713
3871
4029
4187
4503
4661
4819
4977
5293
5451
5609
5767
6083
6241
6399
6557
6873
7031
7189
7347
7663
7821
7979
8137
8453
8611
8769
8927
9243
9401
9559
9717
10033
10191
10349
10507
10823
10981
11139
11297
11613
11771
11929
12087
12403
12561
12719
12877
13193
13351
13509
13667
13983
14141
14299
14457
14773
14931
15089
15247
15563
15721
15879
16037
16353
16511
16669
16827
17143
17301
17459
17617
17933
18091
18249
18407
18723
18881
19039
19197
19513
19671
19829
19987
20303
20461
20619
20777
21093
21251
21409
21567
21883
22041
22199
22357
22673
22831
22989
23147
23463
23621
23779
23937
24253
24411
24569
24727
25043
25201
25359
25517
25833
25991
26149
26307
26623
26781
26939
27097
27413
27571
27729
27887
28203
28361
28519
28677
28993
29151
29309
29467
29783
29941
30099
30257
30573
30731
30889
31047
31363
31521
249
581
747
913
1079
1411
1577
1743
1909
2241
2407
2573
2739
3071
3237
3403
3569
3901
4067
4233
4399
4731
4897
5063
5229
5561
5727
5893
6059
6391
6557
6723
6889
7221
7387
7553
7719
8051
8217
8383
8549
8881
9047
9213
9379
9711
9877
10043
10209
10541
10707
10873
11039
11371
11537
11703
11869
12201
12367
12533
12699
13031
13197
13363
13529
13861
14027
14193
14359
14691
14857
15023
15189
15521
15687
15853
16019
16351
16517
16683
16849
17181
17347
17513
17679
18011
18177
18343
18509
18841
19007
19173
19339
19671
19837
20003
20169
20501
20667
20833
20999
21331
21497
21663
21829
22161
22327
22493
22659
22991
23157
23323
23489
23821
23987
24153
24319
24651
24817
24983
25149
25481
25647
25813
25979
26311
26477
26643
26809
27141
27307
27473
27639
27971
28137
28303
28469
28801
28967
29133
29299
29631
29797
29963
30129
30461
30627
30793
30959
31291
31457
267
623
801
979
1157
1513
1691
1869
2047
2403
2581
2759
2937
3293
3471
3649
3827
4183
4361
4539
4717
5073
5251
5429
5607
5963
6141
6319
6497
6853
7031
7209
7387
7743
7921
8099
8277
8633
8811
8989
9167
9523
9701
9879
10057
10413
10591
10769
10947
11303
11481
11659
11837
12193
12371
12549
12727
13083
13261
13439
13617
13973
14151
14329
14507
14863
15041
15219
15397
15753
15931
16109
16287
16643
16821
16999
17177
17533
17711
17889
18067
18423
18601
18779
18957
19313
19491
19669
19847
20203
20381
20559
20737
21093
21271
21449
21627
21983
22161
22339
22517
22873
23051
23229
23407
23763
23941
24119
24297
24653
24831
25009
25187
25543
25721
25899
26077
26433
26611
26789
26967
27323
27501
27679
27857
28213
28391
28569
28747
29103
29281
29459
29637
29993
30171
30349
30527
30883
31061
31239
31417
291
679
873
1067
1261
1649
1843
2037
2231
2619
2813
3007
3201
3589
3783
3977
4171
4559
4753
4947
5141
5529
5723
5917
6111
6499
6693
6887
7081
7469
7663
7857
8051
8439
8633
8827
9021
9409
9603
9797
9991
10379
10573
10767
10961
11349
11543
11737
11931
12319
12513
12707
12901
13289
13483
13677
13871
14259
14453
14647
14841
15229
15423
15617
15811
16199
16393
16587
16781
17169
17363
17557
17751
18139
18333
18527
18721
19109
19303
19497
19691
20079
20273
20467
20661
21049
21243
21437
21631
22019
22213
22407
22601
22989
23183
23377
23571
23959
24153
24347
24541
24929
25123
25317
25511
25899
26093
26287
26481
26869
27063
27257
27451
27839
28033
28227
28421
28809
29003
29197
29391
29779
29973
30167
30361
30749
30943
31137
31331
303
707
909
1111
1313
1717
1919
2121
2323
2727
2929
3131
3333
3737
3939
4141
4343
4747
4949
5151
5353
5757
5959
6161
6363
6767
6969
7171
7373
7777
7979
8181
8383
8787
8989
9191
9393
9797
9999
10201
10403
10807
11009
11211
11413
11817
12019
12221
12423
12827
13029
13231
13433
13837
14039
14241
14443
14847
15049
15251
15453
15857
16059
16261
16463
16867
17069
17271
17473
17877
18079
18281
18483
18887
19089
19291
19493
19897
20099
20301
20503
20907
21109
21311
21513
21917
22119
22321
22523
22927
23129
23331
23533
23937
24139
24341
24543
24947
25149
25351
25553
25957
26159
26361
26563
26967
27169
27371
27573
27977
28179
28381
28583
28987
29189
29391
29593
29997
30199
30401
30603
31007
31209
31411
31613
309
721
927
1133
1339
1751
1957
2163
2369
2781
2987
3193
3399
3811
4017
4223
4429
4841
5047
5253
5459
5871
6077
6283
6489
6901
7107
7313
7519
7931
8137
8343
8549
8961
9167
9373
9579
9991
10197
10403
10609
11021
11227
11433
11639
12051
12257
12463
12669
13081
13287
13493
13699
14111
14317
14523
14729
15141
15347
15553
15759
16171
16377
16583
16789
17201
17407
17613
17819
18231
18437
18643
18849
19261
19467
19673
19879
20291
20497
20703
20909
21321
21527
21733
21939
22351
22557
22763
22969
23381
23587
23793
23999
24411
24617
24823
25029
25441
25647
25853
26059
26471
26677
26883
27089
27501
27707
27913
28119
28531
28737
28943
29149
29561
29767
29973
30179
30591
30797
31003
31209
31621
321
749
963
1177
1391
1819
2033
2247
2461
2889
3103
3317
3531
3959
4173
4387
4601
5029
5243
5457
5671
6099
6313
6527
6741
7169
7383
7597
7811
8239
8453
8667
8881
9309
9523
9737
9951
10379
10593
10807
11021
11449
11663
11877
12091
12519
12733
12947
13161
13589
13803
14017
14231
14659
14873
15087
15301
15729
15943
16157
16371
16799
17013
17227
17441
17869
18083
18297
18511
18939
19153
19367
19581
20009
20223
20437
20651
21079
21293
21507
21721
22149
22363
22577
22791
23219
23433
23647
23861
24289
24503
24717
24931
25359
25573
25787
26001
26429
26643
26857
27071
27499
27713
27927
28141
28569
28783
28997
29211
29639
29853
30067
30281
30709
30923
31137
31351
327
763
981
1199
1417
1853
2071
2289
2507
2943
3161
3379
3597
4033
4251
4469
4687
5123
5341
5559
5777
6213
6431
6649
6867
7303
7521
7739
7957
8393
8611
8829
9047
9483
9701
9919
10137
10573
10791
11009
11227
11663
11881
12099
12317
12753
12971
13189
13407
13843
14061
14279
14497
14933
15151
15369
15587
16023
16241
16459
16677
17113
17331
17549
17767
18203
18421
18639
18857
19293
19511
19729
19947
20383
20601
20819
21037
21473
21691
21909
22127
22563
22781
22999
23217
23653
23871
24089
24307
24743
24961
25179
25397
25833
26051
26269
26487
26923
27141
27359
27577
28013
28231
28449
28667
29103
29321
29539
29757
30193
30411
30629
30847
31283
31501
339
791
1017
1243
1469
1921
2147
2373
2599
3051
3277
3503
3729
4181
4407
4633
4859
5311
5537
5763
5989
6441
6667
6893
7119
7571
7797
8023
8249
8701
8927
9153
9379
9831
10057
10283
10509
10961
11187
11413
11639
12091
12317
12543
12769
13221
13447
13673
13899
14351
14577
14803
15029
15481
15707
15933
16159
16611
16837
17063
17289
17741
17967
18193
18419
18871
19097
19323
19549
20001
20227
20453
20679
21131
21357
21583
21809
22261
22487
22713
22939
23391
23617
23843
24069
24521
24747
24973
25199
25651
25877
26103
26329
26781
27007
27233
27459
27911
28137
28363
28589
29041
29267
29493
29719
30171
30397
30623
30849
31301
31527
381
889
1143
1397
1651
2159
2413
2667
2921
3429
3683
3937
4191
4699
4953
5207
5461
5969
6223
6477
6731
7239
7493
7747
8001
8509
8763
9017
9271
9779
10033
10287
10541
11049
11303
11557
11811
12319
12573
12827
13081
13589
13843
14097
14351
14859
15113
15367
15621
16129
16383
16637
16891
17399
17653
17907
18161
18669
18923
19177
19431
19939
20193
20447
20701
21209
21463
21717
21971
22479
22733
22987
23241
23749
24003
24257
24511
25019
25273
25527
25781
26289
26543
26797
27051
27559
27813
28067
28321
28829
29083
29337
29591
30099
30353
30607
30861
31369
393
917
1179
1441
1703
2227
2489
2751
3013
3537
3799
4061
4323
4847
5109
5371
5633
6157
6419
6681
6943
7467
7729
7991
8253
8777
9039
9301
9563
10087
10349
10611
10873
11397
11659
11921
12183
12707
12969
13231
13493
14017
14279
14541
14803
15327
15589
15851
16113
16637
16899
17161
17423
17947
18209
18471
18733
19257
19519
19781
20043
20567
20829
21091
21353
21877
22139
22401
22663
23187
23449
23711
23973
24497
24759
25021
25283
25807
26069
26331
26593
27117
27379
27641
27903
28427
28689
28951
29213
29737
29999
30261
30523
31047
31309
31571
411
959
1233
1507
1781
2329
2603
2877
3151
3699
3973
4247
4521
5069
5343
5617
5891
6439
6713
6987
7261
7809
8083
8357
8631
9179
9453
9727
10001
10549
10823
11097
11371
11919
12193
12467
12741
13289
13563
13837
14111
14659
14933
15207
15481
16029
16303
16577
16851
17399
17673
17947
18221
18769
19043
19317
19591
20139
20413
20687
20961
21509
21783
22057
22331
22879
23153
23427
23701
24249
24523
24797
25071
25619
25893
26167
26441
26989
27263
27537
27811
28359
28633
28907
29181
29729
30003
30277
30551
31099
31373
417
973
1251
1529
1807
2363
2641
2919
3197
3753
4031
4309
4587
5143
5421
5699
5977
6533
6811
7089
7367
7923
8201
8479
8757
9313
9591
9869
10147
10703
10981
11259
11537
12093
12371
12649
12927
13483
13761
14039
14317
14873
15151
15429
15707
16263
16541
16819
17097
17653
17931
18209
18487
19043
19321
19599
19877
20433
20711
20989
21267
21823
22101
22379
22657
23213
23491
23769
24047
24603
24881
25159
25437
25993
26271
26549
26827
27383
27661
27939
28217
28773
29051
29329
29607
30163
30441
30719
30997
31553
447
1043
1341
1639
1937
2533
2831
3129
3427
4023
4321
4619
4917
5513
5811
6109
6407
7003
7301
7599
7897
8493
8791
9089
9387
9983
10281
10579
10877
11473
11771
12069
12367
12963
13261
13559
13857
14453
14751
15049
15347
15943
16241
16539
16837
17433
17731
18029
18327
18923
19221
19519
19817
20413
20711
21009
21307
21903
22201
22499
22797
23393
23691
23989
24287
24883
25181
25479
25777
26373
26671
26969
27267
27863
28161
28459
28757
29353
29651
29949
30247
30843
31141
31439
453
1057
1359
1661
1963
2567
2869
3171
3473
4077
4379
4681
4983
5587
5889
6191
6493
7097
7399
7701
8003
8607
8909
9211
9513
10117
10419
10721
11023
11627
11929
12231
12533
13137
13439
13741
14043
14647
14949
15251
15553
16157
16459
16761
17063
17667
17969
18271
18573
19177
19479
19781
20083
20687
20989
21291
21593
22197
22499
22801
23103
23707
24009
24311
24613
25217
25519
25821
26123
26727
27029
27331
27633
28237
28539
28841
29143
29747
30049
30351
30653
31257
31559
471
1099
1413
1727
2041
2669
2983
3297
3611
4239
4553
4867
5181
5809
6123
6437
6751
7379
7693
8007
8321
8949
9263
9577
9891
10519
10833
11147
11461
12089
12403
12717
13031
13659
13973
14287
14601
15229
15543
15857
16171
16799
17113
17427
17741
18369
18683
18997
19311
19939
20253
20567
20881
21509
21823
22137
22451
23079
23393
23707
24021
24649
24963
25277
25591
26219
26533
26847
27161
27789
28103
28417
28731
29359
29673
29987
30301
30929
31243
31557
489
1141
1467
1793
2119
2771
3097
3423
3749
4401
4727
5053
5379
6031
6357
6683
7009
7661
7987
8313
8639
9291
9617
9943
10269
10921
11247
11573
11899
12551
12877
13203
13529
14181
14507
14833
15159
15811
16137
16463
16789
17441
17767
18093
18419
19071
19397
19723
20049
20701
21027
21353
21679
22331
22657
22983
23309
23961
24287
24613
24939
25591
25917
26243
26569
27221
27547
27873
28199
28851
29177
29503
29829
30481
30807
31133
31459
501
1169
1503
1837
2171
2839
3173
3507
3841
4509
4843
5177
5511
6179
6513
6847
7181
7849
8183
8517
8851
9519
9853
10187
10521
11189
11523
11857
12191
12859
13193
13527
13861
14529
14863
15197
15531
16199
16533
16867
17201
17869
18203
18537
18871
19539
19873
20207
20541
21209
21543
21877
22211
22879
23213
23547
23881
24549
24883
25217
25551
26219
26553
26887
27221
27889
28223
28557
28891
29559
29893
30227
30561
31229
31563
519
1211
1557
1903
2249
2941
3287
3633
3979
4671
5017
5363
5709
6401
6747
7093
7439
8131
8477
8823
9169
9861
10207
10553
10899
11591
11937
12283
12629
13321
13667
14013
14359
15051
15397
15743
16089
16781
17127
17473
17819
18511
18857
19203
19549
20241
20587
20933
21279
21971
22317
22663
23009
23701
24047
24393
24739
25431
25777
26123
26469
27161
27507
27853
28199
28891
29237
29583
29929
30621
30967
31313
537
1253
1611
1969
2327
3043
3401
3759
4117
4833
5191
5549
5907
6623
6981
7339
7697
8413
8771
9129
9487
10203
10561
10919
11277
11993
12351
12709
13067
13783
14141
14499
14857
15573
15931
16289
16647
17363
17721
18079
18437
19153
19511
19869
20227
20943
21301
21659
22017
22733
23091
23449
23807
24523
24881
25239
25597
26313
26671
27029
27387
28103
28461
28819
29177
29893
30251
30609
30967
